#Script for UA STAR molecule. To be read into LAMMPS template. C25H52 : 10-n-hexil-nonadecane

25 atoms
24 bonds
23 angles
24 dihedrals
3 impropers

Coords

1 0 0 0
2 1.53 0 0
3 3.06 0 0
4 4.59 0 0
5 6.12 0 0
6 7.65 0 0
7 9.18 0 0
8 10.71 0 0
9 12.24 0 0
10 13.77 0 0
11 13.77 1.53 0
12 13.77 3.06 0
13 13.77 4.59 0
14 13.77 6.12 0
15 13.77 7.65 0
16 13.77 9.18 0
17 15.3 0 0
18 16.83 0 0
19 18.36 0 0
20 19.89 0 0
21 21.42 0 0
22 22.95 0 0
23 24.48 0 0
24 26.01 0 0
25 27.54 0 0

Types

1 2
2 1
3 1
4 1
5 1
6 1
7 1
8 1
9 1
10 3
11 1
12 1
13 1
14 1
15 1
16 2
17 1
18 1
19 1
20 1
21 1
22 1
23 1
24 1
25 2

Bonds

1 1 1 2
2 1 2 3
3 1 3 4
4 1 4 5
5 1 5 6
6 1 6 7
7 1 7 8
8 1 8 9
9 1 9 10
10 1 10 11
11 1 10 17
12 1 11 12
13 1 12 13
14 1 13 14
15 1 14 15
16 1 15 16
17 1 17 18
18 1 18 19
19 1 19 20
20 1 20 21
21 1 21 22
22 1 22 23
23 1 23 24
24 1 24 25

Special Bond Counts

1 1 1 1
2 2 1 1
3 2 2 1
4 2 2 2
5 2 2 2
6 2 2 2
7 2 2 2
8 2 2 3
9 2 3 3
10 3 3 3
11 2 3 3
12 2 2 3 
13 2 2 2
14 2 2 1
15 2 1 1
16 1 1 1
17 2 3 3
18 2 2 3 
19 2 2 2
20 2 2 2
21 2 2 2
22 2 2 2
23 2 2 1
24 2 1 1
25 1 1 1

Special Bonds

1 2 3 4
2 1 3 4 5
3 2 4 1 5 6
4 3 5 2 6 1 7
5 4 6 3 7 2 8
6 5 7 4 8 3 9
7 6 8 5 9 4 10
8 7 9 6 10 5 11 17
9 8 10 7 11 17 6 12 18
10 9 11 17 8 12 18 7 13 19
11 10 12 9 17 13 8 18 14
12 11 13 10 14 9 17 15
13 12 14 11 15 10 16
14 13 15 12 16 11
15 14 16 13 12
16 15 14 13
17 10 18 9 11 19 8 12 20
18 17 19 10 20 9 11 21
19 18 20 17 21 10 22
20 19 21 18 22 17 23
21 20 22 19 23 18 24
22 21 23 20 24 19 25
23 22 24 21 25 20
24 23 25 22 21
25 24 23 22

Angles

1 1 1 2 3
2 1 2 3 4
3 1 3 4 5
4 1 4 5 6
5 1 5 6 7
6 1 6 7 8
7 1 7 8 9
8 1 8 9 10
9 1 9 10 11
10 1 9 10 17
11 1 10 11 12
12 1 10 17 18
13 1 11 12 13
14 1 12 13 14
15 1 13 14 15
16 1 14 15 16
17 1 17 18 19
18 1 18 19 20
19 1 19 20 21
20 1 20 21 22
21 1 21 22 23
22 1 22 23 24
23 1 23 24 25

Dihedrals

1 1 1 2 3 4
2 1 2 3 4 5
3 1 3 4 5 6
4 1 4 5 6 7
5 1 5 6 7 8
6 1 6 7 8 9
7 1 7 8 9 10
8 2 8 9 10 11
9 2 8 9 10 17
10 2 9 10 11 12
11 2 9 10 17 18
12 1 10 11 12 13
13 1 10 17 18 19
14 2 11 10 17 18
15 1 11 12 13 14
16 2 12 11 10 7
17 1 12 13 14 15
18 1 13 14 15 16
19 1 17 18 19 20
20 1 18 19 20 21
21 1 19 20 21 22
22 1 20 21 22 23
23 1 21 22 23 24
24 1 22 23 24 25

Impropers

1 1 10 9 17 11
1 1 10 9 11 17
1 1 10 11 17 9
