#Script for UA Squalane molecule. To be read into LAMMPS template.
#Revised Dec 2019 -- change angle index numbers

30 atoms
29 bonds
34 angles
31 dihedrals
6 impropers

Coords

1 0 0 0
2 1.53 0 0
3 1.53 -1.53 0
4 3.06 0 0
5 4.59 0 0
6 6.12 0 0
7 7.65 0 0
8 7.65 -1.53 0
9 9.18 0 0
10 10.71 0 0
11 12.24 0 0
12 13.77 0 0
13 13.77 -1.53 0
14 15.3 0 0
15 16.83 0 0
16 18.36 0 0
17 19.89 0 0
18 21.42 0 0
19 21.42 1.53 0
20 22.95 0 0
21 24.48 0 0
22 26.01 0 0
23 27.54 0 0
24 27.54 1.53 0
25 29.07 0 0
26 30.6 0 0
27 32.13 0 0
28 33.66 0 0
29 33.66 1.53 0
30 35.19 0 0

Types

1 2
2 4
3 3
4 1
5 1
6 1
7 4
8 3
9 1
10 1
11 1
12 4
13 3
14 1
15 1
16 1
17 1
18 4
19 3
20 1
21 1
22 1
23 4
24 3
25 1
26 1
27 1
28 4
29 3
30 2

Bonds

1 1 1 2
2 1 2 3
3 1 2 4
4 1 4 5
5 1 5 6
6 1 6 7
7 1 7 8
8 1 7 9
9 1 9 10
10 1 10 11
11 1 11 12
12 1 12 13
13 1 12 14
14 1 14 15
15 1 15 16
16 1 16 17
17 1 17 18
18 1 18 19
19 1 18 20
20 1 20 21
21 1 21 22
22 1 22 23
23 1 23 24
24 1 23 25
25 1 25 26
26 1 26 27
27 1 27 28
28 1 28 29
29 1 28 30

Special Bond Counts

1 1 2 1
2 3 1 1
3 1 2 1
4 2 3 1
5 2 2 4
6 2 3 2
7 3 2 2
8 1 2 2
9 2 3 2
10 2 2 4
11 2 3 2
12 3 2 2 
13 1 2 2
14 2 3 2
15 2 2 3
16 2 2 3
17 2 3 2
18 3 2 2 
19 1 2 2 
20 2 3 2
21 2 2 4
22 2 3 2
23 3 2 2 
24 1 2 2 
25 2 3 2
26 2 2 4
27 2 3 1
28 3 1 1 
29 1 2 1
30 1 2 1

Special Bonds

1 2 3 4 5
2 1 3 4 5 6
3 2 1 4 5 
4 2 5 1 3 6 7
5 4 6 2 7 3 8 1 9
6 5 7 4 8 9 2 10 
7 6 8 9 5 10 4 11
8 7 6 9 5 10
9 7 10 6 8 11 5 12
10 9 11 7 12 8 13 6 14
11 10 12 9 13 14 7 15
12 11 13 14 10 15 9 16
13 12 11 14 10 15
14 12 15 11 13 16 10 17
15 14 16 12 17 11 13 18
16 15 17 14 18 12 19 20
17 16 18 15 19 20 14 21
18 17 19 20 16 21 15 22
19 18 17 20 16 21
20 18 21 17 19 22 16 23 
21 20 22 18 23 19 24 17 25
22 21 23 20 24 25 18 26
23 22 24 25 21 26 20 27
24 23 22 25 21 26
25 23 26 22 24 27 21 28
26 25 27 23 28 24 29 22 30
27 26 28 25 29 30 23 
28 27 29 30 26 25
29 28 27 30 26 
30 28 27 29 26

Angles

1 1 1 2 3
2 1 1 2 4
3 1 3 2 4
4 1 2 4 5
5 1 4 5 6
6 1 5 6 7
7 1 6 7 8
8 1 8 7 9
9 1 6 7 9
10 1 7 9 10
11 1 9 10 11
12 1 10 11 12
13 1 11 12 13
14 1 13 12 14
15 1 11 12 14
16 1 12 14 15
17 1 14 15 16
18 1 15 16 17
19 1 16 17 18
20 1 17 18 19
21 1 19 18 20
22 1 17 18 20
23 1 18 20 21
24 1 20 21 22
25 1 21 22 23
26 1 22 23 24
27 1 24 23 25
28 1 22 23 25
29 1 23 25 26
30 1 25 26 27
31 1 26 27 28
32 1 27 28 29
33 1 27 28 30
34 1 29 28 30

Dihedrals

1 2 1 2 4 5
2 2 3 2 4 5
3 1 2 4 5 6
4 1 4 5 6 7
5 2 5 6 7 8
6 2 5 6 7 9
7 2 6 7 9 10
8 2 8 7 9 10
9 1 7 9 10 11
10 1 9 10 11 12
11 2 10 11 12 13
12 2 10 11 12 14
13 2 11 12 14 15
14 2 13 12 14 15 
15 1 12 14 15 16
16 1 14 15 16 17
17 1 15 16 17 18
18 2 16 17 18 19
19 2 16 17 18 20
20 2 17 18 20 21
21 2 19 18 20 21
22 1 18 20 21 22
23 1 20 21 22 23
24 2 21 22 23 24
25 2 21 22 23 25
26 2 22 23 25 26
27 2 24 23 25 26
28 1 23 25 26 27
29 1 25 26 27 28
30 2 26 27 28 29
31 2 26 27 28 30

Impropers

1 1 2 1 4 3
2 1 7 6 9 8 
3 1 12 11 14 13
4 1 18 17 20 19
5 1 23 22 25 24
6 1 28 27 30 29