10000378    296.38139    91672.844    450.56412   0.79851294    -236.1011    2523.8174 
10001000    297.83111    91672.479    809.03042   0.79851612   -172.20946    2601.2089 
10002000    306.64267    91671.892    556.77569   0.79852123   -155.05707     2700.415 
10003000    292.85365    91671.305    800.74348   0.79852635   -225.69661    2501.3714 
10004000    287.23904    91670.718    564.99313   0.79853146   -239.08633    2435.6981 
10005000    304.87921    91670.131    746.62623   0.79853658   -207.99042    2631.0602 
10006000    291.30313    91669.544    730.53825   0.79854169   -199.98228    2512.6472 
10007000    289.69098    91668.957    875.11228    0.7985468   -200.21016    2497.4069 
10008000    289.50369     91668.37    444.27449   0.79855192   -174.85406    2521.0189 
10009000    289.87816    91667.782     541.6948   0.79855703   -230.36545    2468.9947 
10010000    293.19343    91667.195    409.73239   0.79856215   -258.05004     2472.182 
10011000     297.5417    91666.608    163.19148   0.79856726   -198.16466    2572.5587 
10012000     292.0044    91666.021    18.433693   0.79857238   -162.11036    2557.0494 
10013000    300.46656    91665.434    657.73223   0.79857749   -203.90299    2594.0568 
10014000    292.40065    91664.847    285.10722    0.7985826   -145.93395    2576.9157 
10015000    294.17745     91664.26    1027.4203   0.79858772   -210.65367    2528.7416 
10016000    293.84626    91663.673    1204.2323   0.79859283   -230.99089    2505.3203 
10017000     284.4637    91663.086    661.15215   0.79859795   -164.22032      2484.72 
10018000    293.82685    91662.499    206.69645   0.79860306   -236.16414    2499.9663 
10019000    292.28545    91661.912    751.26549   0.79860818   -156.99508    2564.7818 
10020000    296.10161    91661.325   -1.2821928   0.79861329   -135.21843    2622.0948 
10021000    293.86542    91660.738    129.41615   0.79861841   -140.52687    2595.9628 
10022000    291.67202    91660.151    470.43384   0.79862352   -217.14582    2498.9188 
10023000    295.59929    91659.564   -352.58857   0.79862864   -164.51113    2588.1244 
10024000    300.10133    91658.977     652.7412   0.79863375   -148.40523    2646.1535 
10025000    293.32867     91658.39    1142.3122   0.79863887   -164.73647    2566.7549 
10026000    293.21904    91657.803    161.55614   0.79864398   -141.28404    2589.1865 
10027000    290.64042    91657.216    30.390796    0.7986491   -143.94376    2562.5145 
10028000      290.893    91656.629   -441.70078   0.79865421   -133.03852    2575.7718 
10029000    298.57086    91656.042   -241.19095   0.79865933   -269.27343    2511.0335 
10030000    295.64128    91655.455    259.46341   0.79866444   -262.47372    2490.5529 
10031000    291.91635    91654.868    831.66356   0.79866956    -176.5668    2541.7731 
10032000    298.69538    91654.281   -98.863217   0.79867467   -217.01448     2564.452 
10033000     290.6232    91653.694    580.89419   0.79867979   -230.62767    2475.6703 
10034000    295.08812    91653.107    326.09627    0.7986849   -105.21443    2642.6611 
10035000    287.95744     91652.52   -954.78225   0.79869002    -157.5754    2523.8988 
10036000    285.87385    91651.933    376.73477   0.79869513   -191.49643    2470.5753 
10037000    286.68968    91651.346    618.36872   0.79870025   -152.83661    2516.8322 
10038000    295.65119    91650.759    554.28164   0.79870536   -202.86594    2550.2529 
10039000    292.26775    91650.172   -153.12302   0.79871048   -180.28117    2541.3309 
10040000    296.10769    91649.585    1129.4521   0.79871559   -276.90202    2480.4678 
10041000    298.40327    91648.998    505.47533   0.79872071   -199.15274    2579.5936 
10042000    293.68501    91648.411    215.72833   0.79872582   -216.76671     2518.043 
10043000     291.0841    91647.824    43.999848   0.79873094   -163.56754    2547.0223 
10044000    298.14859    91647.237    98.984068   0.79873606   -263.60506    2512.7697 
10045000    294.88321     91646.65   -149.90625   0.79874117   -222.30587    2523.6615 
10046000    294.58021    91646.063   -58.143806   0.79874629   -191.83567    2551.3101 
10047000    288.59414    91645.476    372.56141    0.7987514    -249.3349    2438.0683 
10048000    292.70866    91644.889   -489.17586   0.79875652   -232.83669    2492.8812 
10049000    294.09951    91644.302    43.621718   0.79876163   -218.15109    2520.5185 
10050000    294.73624    91643.715    546.62117   0.79876675   -249.92491    2494.6738 
10051000    302.55125    91643.128    959.33202   0.79877187   -120.17618    2697.1964 
10052000    293.31116    91642.541   -384.52737   0.79877698   -239.38619    2491.9422 
10053000    296.98987    91641.954   -275.08391    0.7987821   -221.40627    2544.1784 
10054000    292.60871    91641.367    357.52638   0.79878721   -185.83551    2538.9516 
10055000    302.20997     91640.78    31.379372   0.79879233   -307.11979    2507.0747 
10056000    293.92222    91640.193   -254.59741   0.79879745   -172.96801    2564.0506 
10057000    299.18213    91639.606    -6.889211   0.79880256   -231.51269    2554.4864 
10058000     295.5852    91639.019    93.255373   0.79880768   -233.31648    2519.1878 
10059000    291.75444    91638.432    470.81029    0.7988128   -141.43201    2575.4001 
10060000    295.36848    91637.845   -45.249166   0.79881791   -259.99439    2490.4918 
10061000    296.73132    91637.259     656.1849   0.79882303   -239.34236    2523.8347 
10062000    292.78265    91636.672    826.77252   0.79882815   -277.67696    2448.7299 
10063000    289.36324    91636.085    584.23193   0.79883326   -256.85991    2437.7052 
10064000    294.64992    91635.498    3.3028648   0.79883838   -220.27051    2523.5244 
10065000    284.90794    91634.911    -121.1822   0.79884349   -216.90552    2436.1716 
10066000    295.48284    91634.324   -50.988204   0.79884861   -248.25115       2503.3 
10067000    298.98697    91633.737    399.56135   0.79885373    -245.8812    2538.3006 
10068000    289.33198     91633.15   -68.595867   0.79885884   -242.87287    2451.4012 
10069000    279.76067    91632.563    3.3155992   0.79886396   -246.64441    2358.5011 
10070000    296.99299    91631.976    289.03417   0.79886908   -332.26635    2433.3474 
10071000    290.80795    91631.389    136.54022    0.7988742   -209.79517    2498.2232 
10072000    295.13119    91630.802    -147.7809   0.79887931   -214.25343    2534.0232 
10073000    292.91933    91630.215    637.96638   0.79888443   -185.50568    2542.1739 
10074000    289.35773    91629.629    925.22823   0.79888955   -194.78025    2499.7336 
10075000    289.46227    91629.042   -138.25773   0.79889466   -214.87032     2480.617 
10076000    294.35287    91628.455    497.23436   0.79889978   -233.99492    2507.0339 
10077000    290.00498    91627.868    552.28216    0.7989049   -224.89105      2475.65 
10078000     303.3404    91627.281   -420.62651   0.79891001   -220.97771    2603.7434 
10079000    286.40198    91626.694   -62.592165   0.79891513   -185.14168    2481.8481 
10080000    295.57977    91626.107    183.59709   0.79892025   -203.79058    2548.6632 
10081000    293.43642     91625.52    196.32699   0.79892537   -231.81183    2500.6829 
10082000    296.34474    91624.933   -371.07632   0.79893048   -274.84274    2484.7344 
10083000    297.50385    91624.347   -566.41825    0.7989356   -239.94981     2530.421 
10084000    292.85933     91623.76   -357.22448   0.79894072   -326.04998     2401.071 
10085000    286.91222    91623.173   -673.88385   0.79894584   -162.69996    2509.0411 
10086000    296.19476    91622.586    939.75002   0.79895095   -210.16152     2548.019 
10087000    288.66417    91621.999   -358.84395   0.79895607   -222.16315    2465.8922 
10088000    298.61128    91621.412    178.38959   0.79896119   -196.45289    2584.2305 
10089000    286.28189    91620.825    496.33672   0.79896631   -229.63151    2436.2399 
10090000    290.40868    91620.238   -58.151743   0.79897142   -244.52783    2459.7725 
10091000    291.72051    91619.652   -35.949321   0.79897654   -185.41418     2531.102 
10092000    293.27685    91619.065    689.66799   0.79898166   -212.89977    2518.1091 
10093000    288.30203    91618.478    202.99897   0.79898678   -215.05775    2469.6253 
10094000    288.67273    91617.891    230.23777    0.7989919   -225.21304    2462.9221 
10095000    297.92989    91617.304    750.82273   0.79899701   -137.95536    2636.3829 
10096000    292.07602    91616.717    871.97332   0.79900213   -205.33402    2514.4926 
10097000    290.96008    91616.131   -65.065334   0.79900725   -262.52795     2446.907 
10098000    297.04807    91615.544   -254.62764   0.79901237   -236.57838    2529.5482 
10099000    295.81092    91614.957    908.45637   0.79901748    -155.2756    2599.3306 
10100000    292.04141     91614.37    758.13769    0.7990226    -202.9651    2516.5393 
10101000    291.19871    91613.783     546.3769   0.79902772   -269.94676    2441.7103 
10102000     289.6937    91613.196   -17.590138   0.79903284   -204.80645    2492.8359 
10103000    303.08057    91612.609    428.24975   0.79903796   -308.49401    2513.8076 
10104000    283.92927    91612.023    235.94199   0.79904308   -270.71674     2373.247 
10105000    292.86772    91611.436    919.01204   0.79904819    -209.5235    2517.6756 
10106000    286.67982    91610.849    105.61635   0.79905331   -263.49273    2406.0842 
10107000    288.03236    91610.262    573.94968   0.79905843    -221.0193    2461.1526 
10108000    292.42821    91609.675    1424.6173   0.79906355   -181.20215    2541.9042 
10109000    294.47924    91609.089   -330.78011   0.79906867     -202.446    2539.7596 
10110000    293.13992    91608.502   -12.873802   0.79907379   -180.07004    2549.6638 
10111000    292.32698    91607.915    1273.6834   0.79907891   -291.51313    2430.6505 
10112000    299.33436    91607.328    54.987097   0.79908402   -123.48754    2663.9292 
10113000    294.77318    91606.741    229.66749   0.79908914   -293.32786    2451.6149 
10114000    297.40561    91606.155    1074.7519   0.79909426   -241.75508     2527.701 
10115000    291.81693    91605.568    757.20998   0.79909938   -272.26234    2445.1516 
10116000    286.24527    91604.981    365.17262    0.7991045   -185.73137     2479.799 
10117000    290.01869    91604.394   -284.04672   0.79910962   -204.79547    2495.8733 
10118000    294.72804    91603.807   -523.65539   0.79911474   -235.47683    2509.0456 
10119000    293.08123    91603.221    840.22371   0.79911986    -252.8597    2476.3276 
10120000     301.8012    91602.634   -117.17873   0.79912497   -111.37733    2699.0108 
10121000    292.17404    91602.047    690.20171   0.79913009   -126.54298    2594.1965 
10122000    296.01785     91601.46   -141.84893   0.79913521   -256.88845    2499.6447 
10123000    289.64303    91600.873    359.02474   0.79914033   -211.74796    2485.4226 
10124000    290.72424    91600.287     74.31273   0.79914545   -189.35904    2517.8798 
10125000    285.93267      91599.7   -372.13062   0.79915057   -161.53728    2501.0822 
10126000    291.08781    91599.113    18.964875   0.79915569   -176.13713    2534.4873 
10127000    292.30576    91598.526   -150.55009   0.79916081   -225.97271    2495.9933 
10128000    299.79695     91597.94    492.99877   0.79916593    -133.2976    2658.4268 
10129000    292.20188    91597.353    391.07698   0.79917105   -145.46223    2575.5365 
10130000    288.12885    91596.766    1005.0873   0.79917617   -159.68058    2523.3898 
10131000    285.81264    91596.179   -280.08194   0.79918129   -125.87328    2535.6285 
10132000    293.36568    91595.593    19.599319   0.79918641    -138.4013    2593.4347 
10133000    284.23755    91595.006    12.890649   0.79919153   -210.32368    2436.5107 
10134000    292.50661    91594.419    595.91054   0.79919665   -210.36708    2513.4692 
10135000    295.85821    91593.832    423.43619   0.79920176   -229.29619    2525.7505 
10136000     297.9524    91593.246    238.37506   0.79920688   -110.79637    2663.7514 
10137000    288.90054    91592.659   -43.901324     0.799212   -157.78319    2532.4733 
10138000    288.09711    91592.072    496.60149   0.79921712   -205.07119    2477.7036 
10139000    295.52493    91591.485   -665.77482   0.79922224   -167.37055    2584.5726 
10140000    290.82553    91590.899    289.00888   0.79922736   -191.63401    2516.5481 
10141000    295.53475    91590.312    343.10378   0.79923248   -157.38312    2594.6515 
10142000    296.85312    91589.725   -51.672842    0.7992376    -189.3597    2574.9515 
10143000    290.82506    91589.138   -524.40814   0.79924272   -194.95769      2513.22 
10144000    287.68263    91588.552   -203.88861   0.79924784   -214.54062    2464.3746 
10145000    287.77865    91587.965   -312.30444   0.79925296    -245.3772    2434.4322 
10146000    287.82468    91587.378   -30.433824   0.79925808   -96.215942    2584.0221 
10147000     293.6706    91586.791    478.03613    0.7992632   -186.41681    2548.2586 
10148000    298.32924    91586.205    127.02181   0.79926832   -184.68589    2593.3711 
10149000    288.84039    91585.618   -328.67772   0.79927344   -176.23086    2513.4654 
10150000    293.44735    91585.031     -73.7211   0.79927856   -149.17588    2583.4207 
10151000    300.41902    91584.445   -428.03315   0.79928369   -214.83593    2582.6812 
10152000    291.44567    91583.858   -182.31799   0.79928881   -306.96026    2406.9966 
10153000    290.92107    91583.271    1080.0606   0.79929393   -155.33512    2553.7366 
10154000    295.47127    91582.684   -52.291813   0.79929905   -171.80746    2579.6359 
10155000    296.25919    91582.098    16.549387   0.79930417   -177.70096    2581.0796 
10156000    293.51881    91581.511    319.50558   0.79930929   -230.14448    2503.1175 
10157000    284.90301    91580.924   -80.179158   0.79931441   -189.83258    2463.1986 
10158000    285.70745    91580.338    333.08692   0.79931953   -234.55537    2425.9669 
10159000    292.97203    91579.751    401.14816   0.79932465   -189.31873    2538.8516 
10160000    297.28416    91579.164     572.0958   0.79932977   -146.11085    2622.2143 
10161000    295.73881    91578.578    87.953689   0.79933489   -178.34968    2575.5851 
10162000    292.31849    91577.991   -960.35254   0.79934001    -222.4546      2499.63 
10163000    302.26824    91577.404    556.45127   0.79934513   -133.18809    2681.5491 
10164000    286.83331    91576.818    133.74292   0.79935025   -94.665563    2576.3407 
10165000    293.06457    91576.231    109.66546   0.79935537   -223.56017    2505.4719 
10166000    293.96899    91575.644    429.21771    0.7993605   -258.64791    2478.8062 
10167000    294.06043    91575.058    328.64949   0.79936562   -206.37304    2531.9325 
10168000     296.5696    91574.471   -372.15885   0.79937074   -181.63315    2580.0379 
10169000    296.72903    91573.884    198.25093   0.79937586   -212.09344    2551.0623 
10170000    295.67084    91573.298    419.90061   0.79938098    -166.3891    2586.9127 
10171000    294.74988    91572.711    675.52759    0.7993861   -144.00195    2600.7238 
10172000    293.83252    91572.124    774.99656   0.79939122   -138.85051    2597.3328 
10173000    291.67073    91571.538   -70.008149   0.79939634   -201.22297    2514.8296 
10174000    292.60151    91570.951    446.14112   0.79940147   -149.81395    2574.9061 
10175000    298.29058    91570.364   -211.52877   0.79940659   -231.14874    2546.5482 
10176000    298.54369    91569.778    402.13964   0.79941171   -204.87768    2575.1762 
10177000    296.41759    91569.191     957.5129   0.79941683   -122.49491    2637.7607 
10178000    290.08224    91568.604    287.74302   0.79942195    -157.7471    2543.5134 
10179000    293.52019    91568.018    415.96668   0.79942707   -229.88309    2503.3918 
10180000    287.35541    91567.431    633.20818   0.79943219   -218.79425    2457.0739 
10181000    295.52373    91566.844     11.24873   0.79943732    -254.3149     2497.617 
10182000     285.9676    91566.258    202.62381   0.79944244   -179.23779     2483.707 
10183000    292.70381    91565.671    -272.9365   0.79944756   -217.44315    2508.2295 
10184000    290.66731    91565.085   -825.46926   0.79945268   -210.65122    2496.0574 
10185000    298.07453    91564.498    -188.3373    0.7994578   -235.26031    2540.4248 
10186000    292.05358    91563.911   -219.33139   0.79946293   -233.83989    2485.7778 
10187000    289.09158    91563.325    93.098532   0.79946805   -229.58256    2462.4528 
10188000    296.44465    91562.738    172.58685   0.79947317   -219.02935    2541.4782 
10189000    290.71899    91562.151   -373.61571   0.79947829   -334.41979    2372.7701 
10190000    291.34034    91561.565    438.34759   0.79948341   -259.08039    2453.8956 
10191000    290.75563    91560.978   -635.56105   0.79948854   -250.54563    2456.9855 
10192000    285.43614    91560.392     769.6892   0.79949366   -316.79659    2341.1992 
10193000    297.56415    91559.805    396.53096   0.79949878   -240.29583    2530.6366 
10194000    290.65242    91559.218   -885.05289    0.7995039     -219.823    2486.7471 
10195000    290.14713    91558.632    54.768698   0.79950902   -247.11593    2454.7489 
10196000    296.72409    91558.045    8.3728773   0.79951415   -219.47611    2543.6337 
10197000    289.78206    91557.459    260.74557   0.79951927   -170.34471    2528.1205 
10198000    296.04499    91556.872    254.24998   0.79952439   -312.95858    2443.8274 
10199000    294.60835    91556.285    762.96579   0.79952951   -288.89235    2454.5155 
10200000    293.21595    91555.699    1049.4722   0.79953464   -269.84787    2460.5939 
10201000    289.64308    91555.112   -81.972065   0.79953976   -199.06254    2498.1084 
10202000    299.20421    91554.526    646.89718   0.79954488   -194.38264    2591.8221 
10203000    288.80042    91553.939     1282.401      0.79955   -188.90042    2500.4237 
10204000    286.07422    91553.353    460.43067   0.79955513    -226.7453    2437.1923 
10205000    293.64415    91552.766      287.835   0.79956025   -294.61176    2439.8174 
10206000    288.44289    91552.179    432.80138   0.79956537   -182.56332    2503.4315 
10207000    296.23754    91551.593    403.90776   0.79957049   -222.90181    2535.6772 
10208000    292.28879    91551.006    52.440698   0.79957562   -196.35698     2525.451 
10209000    294.43752     91550.42    426.01283   0.79958074   -179.71001    2562.1071 
10210000    289.77482    91549.833   -1070.9268   0.79958586   -287.15817    2411.2396 
10211000    289.63387    91549.247    369.95533   0.79959099   -184.61165    2512.4736 
10212000    294.24961     91548.66   -200.57828   0.79959611   -194.86704    2545.2002 
10213000    292.12954    91548.073   -240.87092   0.79960123   -189.15188    2531.1732 
10214000    295.64942    91547.487    957.83465   0.79960636   -200.12247    2552.9799 
10215000    301.45859      91546.9    879.84369   0.79961148   -208.69253    2598.5051 
10216000     293.4552    91546.314   -1024.9527    0.7996166   -175.30683    2557.3628 
10217000     297.9625    91545.727    296.25372   0.79962173   -311.45243    2463.1894 
10218000    288.11377    91545.141   -700.88714   0.79962685   -189.53781    2493.3922 
10219000     293.9441    91544.554    -612.0674   0.79963197    -220.2533    2516.9691 
10220000    292.67425    91543.968    182.79339    0.7996371   -218.43092    2506.9665 
10221000    291.91655    91543.381   -274.11359   0.79964222   -200.21427    2518.1274 
10222000    299.32916    91542.795    910.25933   0.79964734   -220.58227     2566.786 
10223000    298.74645    91542.208    611.57579   0.79965247   -301.57615    2480.3659 
10224000    298.28168    91541.622   -194.63287   0.79965759   -199.23839    2578.3757 
10225000    291.68498    91541.035    61.934683   0.79966271   -286.43349    2429.7518 
10226000    296.51443    91540.449    1421.3357   0.79966784   -183.54373    2577.6137 
10227000    285.23819    91539.862    462.28177   0.79967296   -245.38445     2410.768 
10228000    289.19392    91539.275    319.12019   0.79967808   -167.75818    2525.2302 
10229000    287.14836    91538.689    114.67723   0.79968321   -187.70791    2486.2322 
10230000    294.50519    91538.102    1158.2894   0.79968833    -210.5279    2531.9193 
10231000    290.60905    91537.516    957.14071   0.79969346   -185.97571    2520.1905 
10232000    287.75115    91536.929   -236.95144   0.79969858   -180.94048    2498.6128 
10233000     289.1616    91536.343   -60.324837    0.7997037   -242.72512    2449.9624 
10234000    291.46601    91535.756     48.02618   0.79970883   -224.60408    2489.5422 
10235000    291.78823     91535.17    623.73579   0.79971395   -185.24542    2531.9014 
10236000    290.84283    91534.583   -81.111906   0.79971907   -149.85878    2558.4843 
10237000    290.75865    91533.997   -104.11687    0.7997242   -211.97129    2495.5879 
10238000    296.68465     91533.41   -322.52471   0.79972932   -226.69546     2536.047 
10239000    297.51797    91532.824   -531.37179   0.79973445   -173.16279    2597.3396 
10240000    295.38234    91532.237   -97.807382   0.79973957   -236.17091    2514.4444 
10241000    292.45254    91531.651    1016.6108    0.7997447   -248.32112    2475.0117 
10242000    293.23725    91531.065   -173.34485   0.79974982   -206.09639    2524.5437 
10243000    300.55107    91530.478   -39.132002   0.79975494   -277.96174     2520.785 
10244000    291.44578    91529.892    413.74064   0.79976007   -178.64942    2535.3084 
10245000    297.73793    91529.305    783.15797   0.79976519   -220.13909    2552.4116 
10246000    298.85651    91528.719   -435.83652   0.79977032   -148.60292     2634.364 
10247000    295.84288    91528.132    317.09332   0.79977544   -236.67162    2518.2322 
10248000    292.91665    91527.546   -160.51902   0.79978057   -236.70842    2490.9462 
10249000    292.71557    91526.959    -307.5225   0.79978569     -190.808    2534.9742 
10250000    297.90063    91526.373   -264.70655   0.79979082   -165.61758    2608.4481 
10251000     292.4648    91525.786    952.69976   0.79979594   -198.01555    2525.4314 
10252000    296.84115      91525.2   -661.52013   0.79980107    -154.1075    2610.0923 
10253000    290.99783    91524.613      118.921   0.79980619   -188.16711    2521.6194 
10254000    300.75919    91524.027    26.514021   0.79981132   -221.85366    2578.8312 
10255000    290.32634     91523.44    395.41058   0.79981644   -231.38984    2472.1437 
10256000    293.86104    91522.854    146.44151   0.79982157   -218.05384     2518.395 
10257000    290.68487    91522.268   -616.39457   0.79982669   -257.74927    2449.1229 
10258000     285.6159    91521.681    289.39545   0.79983182   -184.42285    2475.2468 
10259000    292.27138    91521.095   -455.67209   0.79983694   -233.45878    2488.1871 
10260000    285.53374    91520.508    664.67652   0.79984207    -281.7995    2377.1052 
10261000    290.83877    91519.922     11.97225   0.79984719   -211.11555    2497.1898 
10262000    285.85789    91519.335     -435.623   0.79985232   -234.33784    2427.5853 
10263000    292.74336    91518.749   -270.99204   0.79985744   -216.47337    2509.5676 
10264000    300.78972    91518.163   -214.44901   0.79986257   -282.68141    2518.2877 
10265000    289.69492    91517.576   -697.46333   0.79986769   -171.32301    2526.3308 
10266000    293.72465     91516.99     552.0214   0.79987282   -196.89231    2538.2865 
10267000     294.5792    91516.403    275.61607   0.79987794   -262.22415    2480.9123 
10268000    294.82843    91515.817    634.83049   0.79988307   -293.34213    2452.1151 
10269000    294.38282     91515.23    1088.6142   0.79988819   -251.99758    2489.3101 
10270000    289.65409    91514.644    577.17858   0.79989332   -244.27881    2452.9947 
10271000    289.68798    91514.058   -989.91209   0.79989845   -203.69855    2493.8906 
10272000    295.40892    91513.471    1744.1455   0.79990357   -243.22366    2507.6391 
10273000      289.077    91512.885    1548.1455    0.7999087   -177.72949    2514.1701 
10274000    295.08124    91512.298   -35.634873   0.79991382   -237.24438     2510.567 
10275000     293.4448    91511.712    526.46196   0.79991895   -204.02586    2528.5469 
10276000    294.62491    91511.126    900.84152   0.79992407   -189.81497    2553.7471 
10277000    292.61944    91510.539   -412.59425    0.7999292   -337.64515    2387.2418 
10278000    293.08136    91509.953    761.10296   0.79993433    -201.8906    2527.2979 
10279000    290.69713    91509.366   -9.0797171   0.79993945   -247.22764    2459.7587 
10280000    290.21271     91508.78     78.30325   0.79994458   -263.90687    2438.5685 
10281000    288.90474    91508.194    486.79134    0.7999497   -136.36239    2553.9332 
10282000    291.98952    91507.607    370.08772   0.79995483   -222.74414    2496.2771 
10283000      295.456    91507.021    598.30152   0.79995996   -192.44544    2558.8558 
10284000    301.70089    91506.435    24.447484   0.79996508   -166.69899     2642.755 
10285000    290.10034    91505.848    636.63925   0.79997021   -219.75084    2481.6782 
10286000    288.80483    91505.262    244.15709   0.79997533   -135.51281    2553.8524 
10287000    288.88484    91504.675   -417.42518   0.79998046   -232.64492    2457.4653 
10288000    295.56478    91504.089    473.11518   0.79998559   -226.02427    2526.2899 
10289000    290.89524    91503.503    124.42334   0.79999071   -209.84757    2498.9837 
10290000    290.23984    91502.916   -369.25091   0.79999584   -256.76031    2445.9678 
10291000    292.70033     91502.33   -826.58992   0.80000097   -213.55376    2512.0866 
10292000    296.59786    91501.744    298.18625   0.80000609   -209.86611    2552.0682 
10293000    295.34606    91501.157    137.65384   0.80001122   -152.61833    2597.6591 
10294000    287.59802    91500.571     97.46787   0.80001635   -253.03649    2425.0909 
10295000     290.1238    91499.985    39.552672   0.80002147   -151.79086    2549.8566 
10296000    298.75357    91499.398    860.28917    0.8000266   -265.51951    2516.4888 
10297000    293.50642    91498.812    230.92932   0.80003173   -200.45774    2532.6889 
10298000    294.07513    91498.226   -482.19561   0.80003685   -187.64787    2550.7946 
10299000    297.70359    91497.639    281.49881   0.80004198   -165.17087    2607.0601 
10300000    290.95287    91497.053    122.67844   0.80004711   -196.89284     2512.475 
10301000     286.7813    91496.467    609.31605   0.80005223   -314.84766    2355.6743 
10302000    296.20441     91495.88       846.08   0.80005736   -219.43988    2538.8305 
10303000    291.90562    91495.294    569.77141   0.80006249   -150.19644    2568.0435 
10304000    286.48683    91494.708   -822.85267   0.80006761   -304.35015    2363.4297 
10305000    299.03388    91494.121    1058.2835   0.80007274   -327.37131    2457.2473 
10306000    284.72504    91493.535    -392.2796   0.80007787   -242.49018    2408.8838 
10307000    291.90752    91492.949   -154.22424     0.800083   -209.86689    2508.3907 
10308000    304.32754    91492.362    434.02011   0.80008812   -223.61447     2610.299 
10309000    302.89059    91491.776     4.521961   0.80009325   -285.31889    2535.2136 
10310000    287.26123     91491.19   -621.12442   0.80009838   -233.26094    2441.7302 
10311000    293.64134    91490.603   -3.0408125   0.80010351     -257.216     2477.187 
10312000    294.75805    91490.017   -577.38344   0.80010863   -259.30999    2485.4918 
10313000    291.08067    91489.431    930.09641   0.80011376   -243.02709    2467.5308 
10314000    292.63203    91488.844   -48.910144   0.80011889   -208.24046    2516.7638 
10315000    287.99192    91488.258    1187.5234   0.80012401   -272.01353    2409.7818 
10316000    296.88941    91487.672    235.10665   0.80012914   -211.56872    2553.0805 
10317000     290.1882    91487.086    810.07832   0.80013427   -203.09581    2499.1514 
10318000     285.6531    91486.499    930.08504    0.8001394   -279.06191    2380.9542 
10319000    295.02318    91485.913    381.49496   0.80014453   -304.98923    2442.2815 
10320000    292.36631    91485.327    283.27892   0.80014965   -213.21641    2509.3134 
10321000    300.26128     91484.74    244.16678   0.80015478   -277.44547    2518.6028 
10322000    298.69952    91484.154    348.66646   0.80015991   -250.54296    2530.9621 
10323000    294.05336    91483.568    586.49458   0.80016504     -239.232    2499.0078 
10324000    298.20345    91482.982     342.4506   0.80017016   -222.73404    2554.1516 
10325000    294.00687    91482.395   -260.88804   0.80017529   -258.42402    2479.3828 
10326000    290.35585    91481.809    772.39153   0.80018042    -264.1593    2439.6491 
10327000    287.03518    91481.223    372.56641   0.80018555   -232.14031    2440.7458 
10328000    296.45099    91480.636    31.764382   0.80019068   -213.84611    2546.7205 
10329000    291.61888     91480.05   -572.13849    0.8001958   -216.32247    2499.2473 
10330000    295.56763    91479.464     195.6273   0.80020093   -252.70969     2499.631 
10331000    285.82166    91478.878    915.40126   0.80020606   -235.57256    2426.0132 
10332000      299.041    91478.291    910.06179   0.80021119   -234.44855    2550.2364 
10333000    287.42187    91477.705    693.91223   0.80021632   -208.82629    2467.6607 
10334000    297.92518    91477.119    256.42098   0.80022145   -253.72391    2520.5705 
10335000    295.09939    91476.533    1091.8713   0.80022657   -230.27684    2517.7036 
10336000    292.39503    91475.946      291.129    0.8002317   -237.49333     2485.304 
10337000    289.56154     91475.36   -650.42352   0.80023683   -255.79963    2440.6121 
10338000     294.8492    91474.774   -131.15483   0.80024196   -262.34054    2483.3101 
10339000    294.26946    91474.188   -82.153811   0.80024709   -190.22971    2550.0224 
10340000    289.16865    91473.601    299.24036   0.80025222    -229.1873    2463.5658 
10341000    295.11405    91473.015    599.88162   0.80025735   -236.54147    2511.5755 
10342000    300.03502    91472.429    138.93828   0.80026247   -263.67248    2530.2688 
10343000    291.11162    91471.843    55.800214    0.8002676   -233.94296    2476.9031 
10344000     290.9674    91471.257    775.26172   0.80027273   -243.79028    2465.7129 
10345000    293.65652     91470.67    33.941329   0.80027786   -234.22079    2500.3235 
10346000    288.80379    91470.084    75.979393   0.80028299   -227.63556    2461.7199 
10347000    290.26147    91469.498    485.41348   0.80028812   -202.40081    2500.5286 
10348000    289.37483    91468.912    238.21077   0.80029325   -278.24215    2416.4309 
10349000    286.61285    91468.325    594.59906   0.80029838   -267.63883    2401.3145 
10350000    288.96955    91467.739    164.94322   0.80030351   -193.12335    2497.7757 
10351000    294.75276    91467.153     43.26992   0.80030864   -233.15363     2511.599 
10352000    292.80997    91466.567    1052.1286   0.80031376   -263.47606    2463.1852 
10353000    298.70158    91465.981    334.88035   0.80031889   -201.12545    2580.3988 
10354000    299.09944    91465.394    773.38753   0.80032402   -247.61732    2537.6118 
10355000     305.3769    91464.808    889.20047   0.80032915   -244.83616     2598.849 
10356000    298.53778    91464.222   -220.96574   0.80033428   -258.47912    2521.5198 
10357000    290.08511    91463.636   -192.11926   0.80033941   -150.67026     2550.617 
10358000    286.45506     91463.05    288.19293   0.80034454   -233.73313    2433.7509 
10359000    294.54145    91462.463    920.28529   0.80034967    -250.3895    2492.3954 
10360000    295.49817    91461.877   -197.16213    0.8003548   -240.83575    2510.8582 
10361000    296.98842    91461.291   -79.223213   0.80035993   -274.06303    2491.5081 
10362000    293.81316    91460.705   -33.141257   0.80036506   -203.43118    2532.5719 
10363000    294.86116    91460.119   -201.24132   0.80037019   -184.01393    2561.7481 
10364000    290.39049    91459.533    291.52365   0.80037532   -106.54474    2597.5862 
10365000    303.69715    91458.946    833.33686   0.80038045   -243.81453    2584.2287 
10366000    294.01153     91458.36    652.89304   0.80038558   -184.51193    2553.3383 
10367000    295.44598    91457.774   -152.14365   0.80039071   -201.69216    2549.5158 
10368000     298.5539    91457.188    852.98117   0.80039584   -163.13266    2617.0164 
10369000    296.24004    91456.602    906.37886   0.80040097   -262.38516    2496.2171 
10370000    298.31279    91456.016    936.53902    0.8004061   -286.25327    2491.6505 
10371000    294.85692    91455.429    507.54857   0.80041123   -254.79033    2490.9323 
10372000    295.61044    91454.843    969.17102   0.80041636   -183.10405    2569.6353 
10373000    298.01332    91454.257    620.35179   0.80042149   -215.03737    2560.0777 
10374000    287.93799    91453.671    225.63592   0.80042662   -310.71768    2370.5754 
10375000    286.68317    91453.085     1000.335   0.80043175   -184.71226    2484.8959 
10376000    290.54525    91452.499   -485.90754   0.80043688   -242.67402     2462.898 
10377000     294.9952    91451.912   -384.82867   0.80044201   -150.17833    2596.8319 
10378000    291.67012    91451.326    93.834862   0.80044714   -174.36264    2541.6843 
10379000    296.84994     91450.74    978.69682   0.80045227   -189.69498    2574.5867 
10380000    291.63165    91450.154   -710.33874    0.8004574   -213.19516    2502.4935 
10381000    296.82331    91449.568    360.73565   0.80046253   -198.69271     2565.341 
10382000    299.34106    91448.982    -85.07831   0.80046766   -218.23207     2569.247 
10383000    288.75522    91448.396    587.77902   0.80047279   -241.60036    2447.3029 
10384000    296.15007     91447.81   -170.64104   0.80047792   -261.35882    2496.4057 
10385000    290.69343    91447.223   -406.52077   0.80048305   -253.39908    2453.5528 
10386000    298.13487    91446.637    -695.8158   0.80048818   -243.11235    2533.1347 
10387000    300.40777    91446.051    629.57406   0.80049331   -174.66924    2622.7431 
10388000    296.16148    91445.465    555.64343   0.80049844   -226.11421    2531.7565 
10389000    294.58902    91444.879   -419.62373   0.80050357   -169.76183     2573.466 
10390000    302.77451    91444.293    663.88277    0.8005087   -171.61241    2647.8391 
10391000    288.47266    91443.707   -294.22082   0.80051384   -213.54653    2472.7255 
10392000    294.78125    91443.121    687.13584   0.80051897   -185.14795      2559.87 
10393000    290.52625    91442.535    479.15011    0.8005241   -203.32034    2502.0748 
10394000    291.74714    91441.948    481.32783   0.80052923   -215.45231    2501.3118 
10395000    293.37225    91441.362    844.80682   0.80053436    -233.3667    2498.5305 
10396000    298.33926    91440.776    148.01007   0.80053949   -185.32855    2592.8217 
10397000    296.94614     91440.19    1034.4959   0.80054462   -206.25353    2558.9239 
10398000    292.38518    91439.604     229.4884   0.80054975   -201.91016    2520.7954 
10399000    293.28753    91439.018    455.58584   0.80055488   -245.26666    2485.8416 
10400000     296.1314    91438.432     684.3505   0.80056002   -323.67544    2433.9152 
10401000    299.22037    91437.846    462.39595   0.80056515   -363.71244    2422.6428 
10402000    292.10132     91437.26    408.71308   0.80057028   -205.02737    2515.0349 
10403000    293.37141    91436.674   -224.73041   0.80057541   -266.36841     2465.521 
10404000    299.50629    91436.088    1126.6921   0.80058054    -218.8568    2570.1609 
10405000    288.57953    91435.501    1121.8904   0.80058567   -205.44249    2481.8247 
10406000    290.79212    91434.915    -234.2318    0.8005908   -268.90791     2438.963 
10407000    289.49966    91434.329   -10.120169   0.80059594   -213.79532    2482.0401 
10408000    293.25436    91433.743    1372.5565   0.80060107   -250.36512    2480.4344 
10409000    292.41135    91433.157    428.49436    0.8006062   -275.82537    2447.1239 
10410000    293.58466    91432.571    1049.9731   0.80061133   -241.70787    2492.1673 
10411000    299.97291    91431.985    408.89388   0.80061646   -279.69549    2513.6674 
10412000    291.70095    91431.399    225.66058   0.80062159   -201.36052    2514.9735 
10413000    302.01142    91430.813     557.3226   0.80062673   -187.71408    2624.6315 
10414000    292.28156    91430.227    703.66471   0.80063186    -252.8689    2468.8718 
10415000    293.08714    91429.641    334.44668   0.80063699   -231.90605    2497.3362 
10416000    289.22077    91429.055    333.76615   0.80064212   -157.39005    2535.8484 
10417000    293.96724    91428.469      725.374   0.80064725   -235.62754    2501.8103 
10418000    288.96502    91427.883    1245.1973   0.80065239   -205.94998    2484.9069 
10419000    298.29919    91427.297    633.34585   0.80065752   -252.85961    2524.9175 
10420000    288.90754    91426.711    313.78504   0.80066265   -196.19375    2494.1279 
10421000    293.06898    91426.125    389.40144   0.80066778   -234.66562    2494.4075 
10422000    287.27677    91425.539    217.02694   0.80067291   -260.88449    2414.2513 
10423000    286.84214    91424.953     147.3273   0.80067805   -123.68387    2547.4046 
10424000    293.12525    91424.367    95.544446   0.80068318   -203.70124     2525.896 
10425000    288.40565    91423.781    268.44998   0.80068831   -144.19901     2541.449 
10426000    293.13821    91423.195   -358.02574   0.80069344   -233.84584     2495.872 
10427000    295.39319    91422.608    189.25084   0.80069858    -231.7766    2518.9398 
10428000    302.31968    91422.022   -360.40761   0.80070371   -211.21744    2603.9988 
10429000    285.34832    91421.436    144.04134   0.80070884   -203.79476    2453.3832 
10430000    283.76259     91420.85    545.56012   0.80071397   -250.08293    2392.3287 
10431000    294.04455    91420.264    628.73711   0.80071911   -279.14852    2459.0092 
10432000    295.04877    91419.678    126.11685   0.80072424   -192.47147    2555.0376 
10433000    287.85442    91419.092    384.75796   0.80072937   -226.08643    2454.4285 
10434000    286.76366    91418.506    579.64917    0.8007345    -171.4317     2498.926 
10435000    292.94386     91417.92   -285.65702   0.80073964   -274.47547    2453.4325 
10436000    293.98572    91417.334    282.36452   0.80074477   -244.80846    2492.8014 
10437000    287.83175    91416.748    742.26403    0.8007499   -215.98441    2464.3194 
10438000    291.76876    91416.162    135.37845   0.80075504   -205.75069    2511.2148 
10439000    291.98247    91415.576    518.75108   0.80076017   -246.79197    2472.1636 
10440000    296.71669     91414.99    829.12556    0.8007653   -160.63966    2602.4012 
10441000    294.97029    91414.404   -297.17666   0.80077043   -261.21891    2485.5594 
10442000    284.30925    91413.819    -34.01365   0.80077557   -187.85182    2459.6503 
10443000    291.60707    91413.233    -241.5373    0.8007807   -168.83379     2546.626 
10444000    284.01461    91412.647   -435.13055   0.80078583   -159.12385    2485.6346 
10445000    299.61335    91412.061    537.42971   0.80079097   -202.12795    2587.8867 
10446000    296.58658    91411.475    165.54465    0.8007961   -151.21478    2610.6144 
10447000    287.43806    91410.889    523.19203   0.80080123   -179.56962    2497.0682 
10448000    285.91748    91410.303    -256.1847   0.80080637   -229.50363    2432.9744 
10449000    298.95677    91409.717   -166.83925    0.8008115   -264.17408    2519.7265 
10450000    292.48177    91409.131   -279.52884   0.80081663   -162.07351    2561.5315 
10451000    295.17425    91408.545    553.59872   0.80082177   -189.35485    2559.3227 
10452000    296.47163    91407.959    586.83706    0.8008269   -239.52631    2521.2325 
10453000    293.93916    91407.373    484.27406   0.80083203   -253.43511    2483.7412 
10454000    290.06326    91406.787    92.067952   0.80083717   -204.06434    2497.0194 
10455000    290.14156    91406.201   -258.68093    0.8008423   -272.24746    2429.5654 
10456000     288.2672    91405.615    666.40117   0.80084744   -252.23307    2432.1257 
10457000    297.32179    91405.029    770.99865   0.80085257   -180.31825    2588.3573 
10458000    292.28897    91404.443    13.504262    0.8008577   -247.89902    2473.9107 
10459000    294.18297    91403.857    76.365385   0.80086284   -217.32641    2522.1203 
10460000    298.70846    91403.271    314.12756   0.80086797   -224.85626    2556.7321 
10461000    298.90643    91402.685   -141.94248    0.8008731   -259.34439    2524.0874 
10462000    283.39485    91402.099   -618.70961   0.80087824   -232.83178    2406.1554 
10463000    298.04883    91401.513   -78.604902   0.80088337    -228.0727    2547.3731 
10464000    292.50883    91400.928   -994.96618   0.80088851    -180.8202    2543.0369 
10465000     289.5584    91400.342    404.31947   0.80089364   -251.26825    2445.1143 
10466000    293.73374    91399.756   -99.381081   0.80089877   -235.87372    2499.3898 
10467000    288.28136     91399.17    151.33361   0.80090391    -222.2315    2462.2591 
10468000    289.07194    91398.584    427.77128   0.80090904   -241.23486    2450.6176 
10469000    301.99641    91397.998    715.08249   0.80091418   -196.62775    2615.5781 
10470000    295.68345    91397.412    853.86494   0.80091931    -286.7056    2466.7136 
10471000    297.71735    91396.826    591.40599   0.80092445   -264.99484    2507.3642 
10472000    289.51807     91396.24    526.30075   0.80092958   -242.11587     2453.891 
10473000    290.71267    91395.654   -215.08328   0.80093472   -199.86169    2507.2694 
10474000    295.53017    91395.068   -454.72273   0.80093985   -276.52755    2475.4644 
10475000    293.79262    91394.483    255.12948   0.80094498   -270.89408    2464.9177 
10476000    288.77923    91393.897    451.04909   0.80095012   -212.63106    2476.4957 
10477000    290.12342    91393.311    571.08331   0.80095525   -182.21198     2519.432 
10478000     293.4643    91392.725    101.05426   0.80096039   -252.99944     2479.755 
10479000    300.19774    91392.139    1178.7654   0.80096552   -150.92798    2644.5285 
10480000     287.7099    91391.553    655.99709   0.80097066    -183.1027    2496.0665 
10481000    291.51433    91390.967    269.43166   0.80097579   -218.29561    2496.3006 
10482000    294.61692    91390.381    396.85929   0.80098093   -158.34491    2585.1427 
10483000    289.74297    91389.795   -347.73293   0.80098606   -226.24145    2471.8597 
10484000    291.63944     91389.21    318.91187    0.8009912   -205.19632    2510.5649 
10485000    306.47327    91388.624   -216.01999   0.80099633   -212.88433    2641.0103 
10486000      286.958    91388.038    645.31513   0.80100147   -219.30348    2452.8639 
10487000     295.8088    91387.452   -471.32805    0.8010066   -210.18357    2544.4029 
10488000    285.61878    91386.866    645.11371   0.80101174   -263.89517    2395.8014 
10489000    297.24812     91386.28    913.57773   0.80101687   -203.75289    2564.2366 
10490000    291.99751    91385.694     311.5217   0.80102201   -190.69857     2528.397 
10491000    289.08915    91385.109   -269.86272   0.80102714   -212.59559    2479.4172 
10492000    281.24934    91384.523    -30.91286   0.80103228   -203.64491    2415.3632 
10493000     295.4338    91383.937    194.65161   0.80103741   -176.60205    2574.4924 
10494000    297.51294    91383.351    118.40944   0.80104255   -282.92189    2487.5337 
10495000    287.05596    91382.765    789.90529   0.80104768   -273.78538    2399.2943 
10496000    293.43471    91382.179    494.54733   0.80105282   -329.57306    2402.9058 
10497000    296.14687    91381.593   -398.22773   0.80105796   -202.72044    2555.0142 
10498000    290.83868    91381.008   -145.22835   0.80106309   -160.95741    2547.3471 
10499000    298.48364    91380.422    371.01565   0.80106823   -279.34187    2500.1528 
10500000     298.8307    91379.836    507.33129   0.80107336    -275.9376     2506.789 
10501000    296.78672     91379.25    469.93758    0.8010785   -266.08094     2497.612 
10502000    296.20766    91378.664    892.11646   0.80108363   -140.22877    2618.0719 
10503000    293.86051    91378.078   -636.45508   0.80108877   -276.99329    2459.4506 
10504000    293.97135    91377.493    245.17645   0.80109391   -304.09459    2433.3815 
10505000     284.5988    91376.907   -73.319885   0.80109904   -235.73762    2414.4608 
10506000    300.53206    91376.321    598.35483   0.80110418   -233.45963    2565.1101 
10507000    296.02099    91375.735    936.46051   0.80110931    -188.0024      2568.56 
10508000    291.57224    91375.149    487.36566   0.80111445    -254.7766    2460.3589 
10509000    296.16784    91374.564    191.63856   0.80111958   -239.12125    2518.8087 
10510000    299.51956    91373.978    508.89879   0.80112472   -219.82361    2569.3176 
10511000    294.54708    91373.392    381.55407   0.80112986   -242.79631     2500.041 
10512000    285.88359    91372.806    1163.8555   0.80113499   -199.96893    2462.1935 
10513000     293.3926     91372.22    560.05901   0.80114013   -280.49828    2451.5885 
10514000    294.31754    91371.634    115.57571   0.80114527   -204.74792    2535.9519 
10515000     296.0038    91371.049   -272.96078    0.8011504   -235.38847    2521.0139 
10516000    290.08085    91370.463    240.49953   0.80115554   -243.74641    2457.5012 
10517000    279.45029    91369.877   -20.461752   0.80116067   -268.35498    2333.9003 
10518000    291.65114    91369.291    771.93188   0.80116581    -281.5223    2434.3478 
10519000    296.95654    91368.706    409.23695   0.80117095   -255.14094    2510.1334 
10520000    298.07031     91368.12   -390.76007   0.80117608   -270.31851    2505.3273 
10521000    299.44137    91367.534   -284.25299   0.80118122   -326.91925    2461.4939 
10522000    298.05024    91366.948    273.34545   0.80118636   -235.98933    2539.4696 
10523000    292.52667    91366.362    47.364578   0.80119149   -286.68835    2437.3348 
10524000    296.46695    91365.777    503.30863   0.80119663   -240.29675    2520.4185 
10525000    288.44613    91365.191   -4.1592854   0.80120177   -257.33924    2428.6857 
10526000    299.72468    91364.605    883.39315    0.8012069   -231.50536     2559.546 
10527000     285.0773    91364.019    -335.3721   0.80121204   -201.33605    2453.3182 
10528000    297.00619    91363.434   -790.79158   0.80121718   -302.00594    2463.7307 
10529000    299.85886    91362.848    -220.3762   0.80122231   -225.91257    2566.3883 
10530000    292.46183    91362.262    -245.6375   0.80122745   -292.30312    2431.1162 
10531000    293.81538    91361.676   -314.84248   0.80123259   -283.96936    2452.0543 
10532000    297.20219     91361.09    358.58828   0.80123773   -277.68333    2489.8785 
10533000    298.80779    91360.505   -822.24471   0.80124286    -219.4845    2563.0287 
10534000    296.96165    91359.919    691.68052     0.801248   -263.83678    2501.4851 
10535000    290.30862    91359.333    398.47357   0.80125314   -241.74662    2461.6219 
10536000    300.78084    91358.747    45.766619   0.80125827    -292.6493    2508.2371 
10537000    294.39042    91358.162   -125.43072   0.80126341   -166.37146     2575.007 
10538000    291.65952    91357.576    -851.3801   0.80126855   -293.70138    2422.2469 
10539000    294.81952     91356.99   -23.458776   0.80127369   -252.54264    2492.8316 
10540000    289.34283    91356.405   -497.17664   0.80127882   -239.51126    2454.8638 
10541000    294.52123    91355.819    140.13879   0.80128396   -247.70263     2494.894 
10542000    293.72115    91355.233   -109.18479    0.8012891   -311.44033    2423.7059 
10543000    293.30615    91354.647   -400.79159   0.80129424   -235.34422    2495.9375 
10544000    290.80717    91354.062    986.65551   0.80129937   -289.25343    2418.7577 
10545000    297.16039    91353.476    487.46834   0.80130451   -225.83379    2541.3388 
10546000    292.82591     91352.89   -304.43034   0.80130965   -247.48021    2479.3295 
10547000    293.63821    91352.304   -788.27325   0.80131479   -311.38803    2422.9858 
10548000    297.26714    91351.719    384.75438   0.80131992   -184.93482    2583.2318 
10549000    287.11434    91351.133    923.30511   0.80132506   -169.74756    2503.8757 
10550000     295.1147    91350.547    428.98565    0.8013302    -300.9015    2447.2215 
10551000    291.44958    91349.962    555.61373   0.80133534   -298.86446    2415.1288 
10552000    290.83655    91349.376    891.85147   0.80134048   -256.71357    2451.5711 
10553000    295.73257     91348.79    835.78228   0.80134561   -254.88322    2498.9934 
10554000    292.82214    91348.205    779.21715   0.80135075   -274.95664    2451.8179 
10555000    298.39945    91347.619   -102.44158   0.80135589   -331.64462    2447.0662 
10556000    297.66827    91347.033    -207.9945   0.80136103   -318.53734    2453.3647 
10557000    295.70658    91346.447    138.82761   0.80136617   -307.73213    2445.9025 
10558000    298.87726    91345.862    1015.4156    0.8013713    -246.4493    2536.7109 
10559000    286.62829    91345.276   -179.91883   0.80137644   -257.25729    2411.8399 
10560000    292.71949     91344.69   -421.45071   0.80138158   -228.21064     2497.608 
10561000    292.46335    91344.105    230.22875   0.80138672   -256.13666    2467.2969 
10562000    294.12044    91343.519    271.09283   0.80139186   -277.35421    2461.5102 
10563000     292.0323    91342.933    649.69965     0.801397   -242.44691    2476.9726 
10564000    285.37507    91342.348    943.81015   0.80140213    -229.0754    2428.3517 
10565000    287.36872    91341.762    615.66335   0.80140727   -274.80008     2401.192 
10566000    294.16575    91341.176    287.89101   0.80141241   -280.85144    2458.4349 
10567000    286.99759    91340.591   -123.79953   0.80141755   -230.66481    2441.8712 
10568000    296.96531    91340.005     233.2926   0.80142269    -203.0544    2562.3016 
10569000    289.76782    91339.419   -515.82113   0.80142783   -250.33152     2448.001 
10570000    289.50516    91338.834    194.66071   0.80143297   -274.59988    2421.2868 
10571000    288.95787    91338.248    1575.5545   0.80143811   -250.79648    2439.9938 
10572000    293.91635    91337.662    561.08165   0.80144324   -193.70457    2543.2593 
10573000    299.57083    91337.077   -280.10379   0.80144838   -329.75612    2459.8626 
10574000    296.31172    91336.491    386.99149   0.80145352   -298.00054    2461.2692 
10575000    301.02383    91335.905   -320.76458   0.80145866   -305.91883    2497.2303 
10576000    295.40686     91335.32    676.45591    0.8014638   -216.49569     2534.348 
10577000    296.98362    91334.734   -258.28516   0.80146894   -319.00742     2446.519 
10578000    291.07939    91334.148    425.55939   0.80147408   -245.82828    2464.7178 
10579000    287.80754    91333.563    212.35537   0.80147922   -218.33189    2461.7465 
10580000    291.27847    91332.977    283.21724   0.80148436   -236.50986      2475.89 
10581000     301.6154    91332.392    552.57587    0.8014895   -229.71911    2578.9388 
10582000     291.1482    91331.806    572.59735   0.80149463   -285.38759    2425.7992 
10583000    296.14854     91331.22   -13.709392   0.80149977   -242.47168    2515.2785 
10584000     287.1618    91330.635    1511.7635   0.80150491   -167.29612    2506.7691 
10585000    291.55538    91330.049   -361.40298   0.80151005   -241.85416    2473.1243 
10586000     293.9245    91329.463    1204.0752   0.80151519    -242.1396    2494.9002 
10587000    295.14815    91328.878    1547.9054   0.80152033   -228.72284    2519.7117 
10588000    292.05273    91328.292    154.95405   0.80152547   -229.39745    2490.2123 
10589000     292.5553    91327.707   -295.43283   0.80153061   -228.11387    2496.1758 
10590000    291.08572    91327.121    162.24307   0.80153575   -270.47021    2440.1347 
10591000    291.93245    91326.535    552.16601   0.80154089   -252.49367     2465.996 
10592000    294.86264     91325.95    -91.15506   0.80154603   -269.60613    2476.1697 
10593000    288.26285    91325.364    284.39059   0.80155117   -230.87488    2453.4434 
10594000    290.63982    91324.779     777.7689   0.80155631   -245.41112    2461.0416 
10595000    287.40117    91324.193    -17.50129   0.80156145   -292.70938    2383.5849 
10596000    293.49579    91323.607   -2.5064247   0.80156659   -313.14177    2419.9059 
10597000    292.13768    91323.022    50.157042   0.80157173   -306.59618    2413.8047 
10598000     295.8983    91322.436    186.83978   0.80157687   -329.66026    2425.7597 
10599000     307.4939    91321.851    459.41993   0.80158201   -307.73987    2555.6589 
10600000    294.96768    91321.265    476.87177   0.80158715   -297.42306    2449.3309 
10601000     299.9216    91320.679   -262.90674   0.80159229   -233.92363    2558.9615 
10602000    293.57725    91320.094    867.97392   0.80159743   -287.31813     2446.488 
10603000    294.36342    91319.508    496.00924   0.80160257   -280.44262    2460.6844 
10604000      293.961    91318.923    548.68782   0.80160771   -330.20219    2407.1775 
10605000    295.31037    91318.337    284.14952   0.80161285   -271.67897    2478.2661 
10606000    290.04636    91317.752    138.21122   0.80161799   -259.28571    2441.6407 
10607000    289.85221    91317.166    646.49366   0.80162313   -224.58515    2474.5333 
10608000    288.56003     91316.58    792.42677   0.80162827   -344.47013    2342.6154 
10609000    287.89373    91315.995    982.50285   0.80163341   -299.28917    2381.5918 
10610000    295.16375    91315.409   -148.11222   0.80163855   -144.34114    2604.2387 
10611000    291.67701    91314.824   -93.909523   0.80164369   -215.88953    2500.2215 
10612000    292.32125    91314.238    108.89358   0.80164883   -319.73205    2402.3782 
10613000    290.72313    91313.653    914.39663   0.80165397      -255.36    2451.8685 
10614000    292.03943    91313.067    204.37464   0.80165911   -275.35249    2444.1335 
10615000     289.4375    91312.482    801.67586   0.80166425   -230.96459     2464.292 
10616000    296.33999    91311.896    907.65174   0.80166939   -314.23404    2445.2989 
10617000    294.06005     91311.31    462.80438   0.80167454   -278.85695    2459.4451 
10618000    299.38073    91310.725    622.38489   0.80167968   -275.27878    2512.5697 
10619000    288.49182    91310.139    409.19514   0.80168482   -245.97644     2440.474 
10620000    296.32708    91309.554    -542.7092   0.80168996   -288.94508    2470.4677 
10621000    292.98318    91308.968    240.04015    0.8016951   -313.28678    2414.9875 
10622000    291.56693    91308.383   -974.19745   0.80170024   -287.87361    2427.2124 
10623000    293.26708    91307.797    1198.2875   0.80170538   -296.18731    2434.7306 
10624000    290.66833    91307.212   -41.000297   0.80171052   -251.40555    2455.3126 
10625000    289.96699    91306.626   -170.41323   0.80171566   -351.16731    2349.0199 
10626000    292.18716    91306.041     628.0535    0.8017208    -204.1581    2516.7035 
10627000    294.38322    91305.455    206.45982   0.80172595   -230.84886    2510.4626 
10628000    288.59431     91304.87    159.65249   0.80173109   -299.18452    2388.2203 
10629000    299.37102    91304.284   -236.74572   0.80173623   -276.40213    2511.3559 
10630000     283.0414    91303.699   -803.35463   0.80174137   -247.40275    2388.2931 
10631000    294.65376    91303.113   -196.78081   0.80174651   -213.61012    2530.2206 
10632000    287.71757    91302.528    951.36506   0.80175165   -237.29718    2441.9434 
10633000    289.12164    91301.942    -207.2121   0.80175679   -239.77806    2452.5373 
10634000     287.9446    91301.357    519.64095   0.80176194   -268.81453    2412.5402 
10635000    286.81351    91300.771     -404.472   0.80176708   -301.40092     2369.421 
10636000    297.97129    91300.186   -496.95245   0.80177222   -272.50825    2502.2155 
10637000    303.01799      91299.6    307.84415   0.80177736   -196.31017    2625.4087 
10638000     291.4235    91299.015    864.16062    0.8017825   -217.92002    2495.8304 
10639000     293.4208    91298.429    114.31594   0.80178764   -253.82236     2478.527 
10640000    298.66912    91297.844    682.06117   0.80179279    -192.0001    2589.2219 
10641000    290.26921    91297.258   -34.628744   0.80179793   -262.27703    2440.7246 
10642000    294.46763    91296.673    188.04206   0.80180307   -194.77767    2547.3198 
10643000     291.2827    91296.087    483.03838   0.80180821   -244.11843    2468.3208 
10644000    297.35693    91295.502    539.27538   0.80181335   -209.96907    2559.0337 
10645000    291.65215    91294.916   -19.569206    0.8018185   -276.33388    2439.5457 
10646000    293.04386    91294.331   -110.86601   0.80182364    -244.8931    2483.9461 
10647000    297.03264    91293.745   -353.74219   0.80182878   -209.85556    2556.1274 
10648000    288.83437     91293.16   -88.823162   0.80183392   -165.68786    2523.9524 
10649000     294.4158    91292.574   -377.46036   0.80183906    -197.0628     2544.552 
10650000      295.987    91291.989    173.05558   0.80184421   -160.93963    2595.3063 
10651000    289.50297    91291.403    506.28308   0.80184935    -206.4595    2489.4068 
10652000    295.77935    91290.818    341.85954   0.80185449   -225.67282    2528.6394 
10653000    294.44625    91290.233    588.31983   0.80185963   -254.30145    2487.5969 
10654000    292.37364    91289.647   -132.22827   0.80186478   -202.19386    2520.4043 
10655000    291.33918    91289.062   -88.744942   0.80186992   -169.37505    2543.5901 
10656000     294.2173    91288.476    588.97048   0.80187506   -209.70708    2530.0593 
10657000    286.93335    91287.891   -66.632848    0.8018802   -270.82046    2401.1174 
10658000    295.56758    91287.305   0.20825683   0.80188535   -179.07161    2573.2686 
10659000    293.91962     91286.72    1143.7074   0.80189049   -294.37341     2442.621 
10660000    290.78418    91286.134    24.995586   0.80189563   -182.17474    2525.6222 
10661000    294.92372    91285.549    459.10794   0.80190077   -163.01638    2583.3282 
10662000     299.8909    91284.964    -113.9655   0.80190592   -187.86214    2604.7371 
10663000    289.90564    91284.378     1132.804   0.80191106   -222.23376    2477.3823 
10664000    289.49991    91283.793    773.59241    0.8019162   -247.70856    2448.1292 
10665000    293.35638    91283.207    386.02121   0.80192134   -266.48964    2465.2598 
10666000    289.28346    91282.622    273.29769   0.80192649   -265.86015    2427.9621 
10667000    290.68808    91282.036     73.88178   0.80193163   -267.98317     2438.919 
10668000    292.74738    91281.451    348.13742   0.80193677   -205.34495    2520.7334 
10669000    290.09257    91280.866    792.86113   0.80194192   -207.21423    2494.1425 
10670000    294.65153     91280.28     567.5284   0.80194706    -257.6095    2486.2004 
10671000    290.74663    91279.695    455.14952    0.8019522   -226.31032     2481.137 
10672000    292.10665    91279.109    1038.1175   0.80195735   -268.18723    2451.9247 
10673000    294.64195    91278.524    1247.8276   0.80196249    -230.3191    2513.4016 
10674000    291.90852    91277.939    686.14851   0.80196763    -223.2933    2494.9736 
10675000    296.47367    91277.353    869.62504   0.80197278   -202.67988    2558.0979 
10676000    292.46303    91276.768    -19.67664   0.80197792   -174.34294    2549.0876 
10677000    299.21854    91276.182    45.549343   0.80198306   -166.04164    2620.2965 
10678000    296.97689    91275.597    49.242369   0.80198821   -199.92617    2565.5377 
10679000    296.31858    91275.012    30.463546   0.80199335    -182.5639    2576.7697 
10680000    291.85457    91274.426   -237.98486   0.80199849   -290.60439    2427.1601 
10681000    294.82454    91273.841   -165.88144   0.80200364    -267.2011    2478.2199 
10682000    293.70557    91273.256    594.93181   0.80200878   -233.96364    2501.0375 
10683000    289.96327     91272.67   -315.36729   0.80201392   -129.98264      2570.17 
10684000     295.8009    91272.085     314.4547   0.80201907   -209.40236    2545.1105 
10685000    287.97769    91271.499    100.64984   0.80202421   -208.28568    2473.3771 
10686000    287.63442    91270.914    531.10925   0.80202936   -282.75162    2395.7147 
10687000    289.84875    91270.329    647.58575    0.8020345    -286.2623    2412.8239 
10688000    290.45011    91269.743    108.15611   0.80203964    -289.2739    2415.4122 
10689000     300.6112    91269.158   -14.686685   0.80204479   -280.37133    2518.9354 
10690000     295.9457    91268.573     35.87152   0.80204993   -357.65425    2398.2071 
10691000    291.91189    91267.987    427.77384   0.80205508   -284.05036    2434.2479 
10692000    288.97841    91267.402    937.50241   0.80206022   -165.56738    2525.4142 
10693000    296.54084    91266.817    271.86206   0.80206536   -233.01716    2528.3862 
10694000     293.4718    91266.231    288.16275   0.80207051   -263.21038    2469.6139 
10695000    291.14216    91265.646    261.42993   0.80207565   -165.89701    2545.2336 
10696000     293.8824     91265.06   -176.20464    0.8020808   -278.13301    2458.5148 
10697000    285.81121    91264.475    445.30009   0.80208594   -256.04201    2405.4465 
10698000    290.48362     91263.89    154.01561   0.80209109   -222.94476    2482.0534 
10699000    294.84371    91263.304   -139.03354   0.80209623   -278.19769    2467.4018 
10700000    294.07334    91262.719   -169.52423   0.80210137   -163.96683     2574.459 
10701000    294.31238    91262.134    32.040956   0.80210652   -285.95513    2454.6966 
10702000    297.33566    91261.548    212.64386   0.80211166   -205.74782    2563.0569 
10703000    300.03781    91260.963   -326.84282   0.80211681   -228.02512    2565.9421 
10704000    290.70915    91260.378    199.16579   0.80212195   -240.92132     2466.177 
10705000    296.55139    91259.792   -307.27152    0.8021271   -245.58099    2515.9205 
10706000      289.171    91259.207    -812.7692   0.80213224   -150.93216    2541.8428 
10707000    302.40926    91258.622    769.36364   0.80213739   -183.85876    2632.1916 
10708000    291.62458    91258.037    -216.4698   0.80214253   -233.02461    2482.5982 
10709000    292.55911    91257.451    161.75661   0.80214768   -234.08535    2490.2398 
10710000    289.07658    91256.866    152.51694   0.80215282   -269.89466    2422.0011 
10711000    292.23459    91256.281    756.78628   0.80215797    -217.4297    2503.8736 
10712000    294.02904    91255.695    158.00364   0.80216311   -198.70313    2539.3101 
10713000    291.08211     91255.11    65.491688   0.80216826   -186.45182    2524.1195 
10714000    292.47736    91254.525     136.5819    0.8021734   -250.09362    2473.4704 
10715000    295.31821    91253.939    1036.7865   0.80217855   -176.57148    2573.4466 
10716000    292.95214    91253.354    565.32731   0.80218369   -259.59729    2468.3879 
10717000    301.45401    91252.769    258.17071   0.80218884   -126.89937    2680.2556 
10718000    286.48263    91252.184     493.8702   0.80219398   -249.52277     2418.218 
10719000    283.17595    91251.598    543.77787   0.80219913   -207.52106    2429.4277 
10720000    288.08468    91251.013    803.76913   0.80220427   -252.98623    2429.6729 
10721000    294.01816    91250.428   -500.00373   0.80220942   -219.86187    2518.0501 
10722000    294.72797    91249.842    870.24369   0.80221456   -225.68683    2518.8349 
10723000    295.84452    91249.257   -454.08119   0.80221971   -259.01108     2495.908 
10724000    291.23499    91248.672    73.571487   0.80222485   -198.14573    2513.8492 
10725000    284.39141    91248.087    261.76174      0.80223   -244.65744    2403.6097 
10726000    291.21091    91247.501   -345.63482   0.80223514   -238.80024    2472.9705 
10727000    290.08318    91246.916    77.987597   0.80224029   -245.54307    2455.7262 
10728000    289.04304    91246.331   -105.79743   0.80224544   -277.21661    2414.3668 
10729000    287.93714    91245.745    210.76476   0.80225058   -176.86827    2504.4169 
10730000    286.68848     91245.16    477.87156   0.80225573   -289.61986    2380.0378 
10731000    286.97338    91244.575     444.0844   0.80226087   -234.52938    2437.7813 
10732000    291.39995     91243.99   -224.61916   0.80226602   -233.78077    2479.7503 
10733000    297.58638    91243.404    117.67076   0.80227116   -274.14832    2496.9911 
10734000    292.28707    91242.819    559.48235   0.80227631   -321.75793     2400.034 
10735000    288.99032    91242.234    310.32157   0.80228146   -261.55505    2429.5375 
10736000    291.51292    91241.649    135.76516    0.8022866   -254.63361    2459.9494 
10737000     285.1063    91241.063    156.96415   0.80229175   -278.73402    2376.1902 
10738000    295.75985    91240.478    22.120554   0.80229689    -247.4783    2506.6524 
10739000     302.7754    91239.893    471.62056   0.80230204   -255.68937    2563.7705 
10740000    295.78598    91239.308    668.03971   0.80230719   -303.50485    2450.8692 
10741000    299.07037    91238.723    761.94832   0.80231233   -178.52805    2606.4304 
10742000    292.56026    91238.137    102.74163   0.80231748   -227.93732    2496.3986 
10743000    284.41054    91237.552   -470.20281   0.80232263   -270.25544    2378.1899 
10744000    294.19917    91236.967    406.84961   0.80232777   -255.01863     2484.579 
10745000    291.86023    91236.382    1488.6723   0.80233292   -259.65218    2458.1651 
10746000    295.71863    91235.796   -24.943939   0.80233807   -234.15526    2519.5916 
10747000    292.93148    91235.211   -141.64776   0.80234321   -227.50901    2500.2837 
10748000    299.71997    91234.626    310.41578   0.80234836    -221.1175      2569.89 
10749000    299.77261    91234.041    426.56604    0.8023535    -185.5284    2605.9693 
10750000    284.72475    91233.456   -572.80659   0.80235865   -222.42005    2428.9512 
10751000    290.72642     91232.87   -70.496177    0.8023638   -309.73182    2397.5273 
10752000    290.30576    91232.285   -364.89242   0.80236895   -271.56406    2431.7778 
10753000    295.97857      91231.7   -399.55411   0.80237409   -207.05498    2549.1124 
10754000    294.91323    91231.115    40.246594   0.80237924   -261.33451    2484.9124 
10755000    291.70293     91230.53    479.03502   0.80238439   -200.82584    2515.5266 
10756000    285.71186    91229.944   -338.52065   0.80238953   -221.92479    2438.6385 
10757000    293.12816    91229.359    300.76751   0.80239468   -237.88378    2491.7405 
10758000    289.42368    91228.774     503.4453   0.80239983   -195.59378    2499.5341 
10759000    285.22454    91228.189   -291.35759   0.80240497   -289.56683    2366.4585 
10760000    290.38661    91227.604    984.33345   0.80241012   -239.80801    2464.2868 
10761000    286.23708    91227.018    341.14701   0.80241527   -238.26192    2427.1923 
10762000    300.98352    91226.433    501.38309   0.80242041   -235.02262    2567.7511 
10763000    295.82534    91225.848    755.36016   0.80242556    -271.9529    2482.7876 
10764000    295.21239    91225.263    391.43246   0.80243071   -257.31265    2491.7201 
10765000    298.59882    91224.678    257.18092   0.80243586   -191.72749    2588.8399 
10766000    294.17463    91224.093    682.91833     0.802441   -198.08454    2541.2845 
10767000    293.79173    91223.507    38.893507   0.80244615   -264.46043     2471.343 
10768000    291.84247    91222.922    1130.6208    0.8024513   -273.66028    2443.9916 
10769000    292.03149    91222.337    59.025072   0.80245645   -195.34885    2524.0631 
10770000    296.32993    91221.752    187.41891   0.80246159   -230.54721    2528.8921 
10771000    293.54246    91221.167   -177.07942   0.80246674   -144.58982    2588.8924 
10772000    294.23156    91220.582     326.8525   0.80247189     -161.941    2577.9582 
10773000    291.56494    91219.996     838.6605   0.80247704    -226.7719    2488.2956 
10774000    292.45777    91219.411    357.44625   0.80248218   -173.00805    2550.3735 
10775000      293.931    91218.826   -52.548771   0.80248733   -163.87475    2573.2255 
10776000     292.8746    91218.241    437.39974   0.80249248   -242.95054    2484.3126 
10777000    290.15336    91217.656    188.20247   0.80249763   -208.51549    2493.4073 
10778000    294.15355    91217.071    659.90249   0.80250278   -220.82276      2518.35 
10779000    290.01862    91216.486    790.86103   0.80250792   -291.31576    2409.3523 
10780000       291.78      91215.9     315.2979   0.80251307   -166.66262    2550.4075 
10781000    292.28776    91215.315    290.37149   0.80251822   -205.23748    2516.5609 
10782000    291.74904     91214.73    177.37815   0.80252337   -133.88162    2582.9002 
10783000    297.17564    91214.145    515.23537   0.80252852   -275.65554     2491.659 
10784000    294.95342     91213.56   -198.86805   0.80253366   -158.03111    2588.5901 
10785000    290.95572    91212.975      415.256   0.80253881   -260.96478    2448.4296 
10786000    288.12286     91212.39   -951.71471   0.80254396   -242.41566     2440.599 
10787000     287.9224    91211.805   -290.73618   0.80254911    -220.0418    2461.1061 
10788000    294.12185    91211.219    305.72591   0.80255426   -196.64661    2542.2309 
10789000    294.19685    91210.634    1015.7609    0.8025594   -333.53217    2406.0438 
10790000     286.0712    91210.049    95.139512   0.80256455   -204.53446     2459.375 
10791000    286.63136    91209.464    194.61153    0.8025697   -187.87082    2481.2549 
10792000    294.55724    91208.879    527.53028   0.80257485   -188.94804    2553.9838 
10793000    289.64906    91208.294   -74.355567      0.80258   -246.84773     2450.379 
10794000     298.7266    91207.709    820.87484   0.80258515   -301.06109    2480.6961 
10795000    290.18105    91207.124   -13.114353    0.8025903   -189.17013    2513.0105 
10796000    301.14573    91206.539   -187.96503   0.80259544   -227.72436    2576.5599 
10797000    292.79724    91205.954    779.41764   0.80260059   -292.34362    2434.1991 
10798000    291.93563    91205.368    432.92474   0.80260574   -255.78495    2462.7344 
10799000    292.96877    91204.783    207.14932   0.80261089   -293.67215    2434.4678 
10800000    292.69985    91204.198    652.16073   0.80261604   -235.78984    2489.8459 
10801000     292.3416    91203.613    1005.9094   0.80262119   -204.88023    2517.4196 
10802000    292.81154    91203.028   -60.793185   0.80262634   -260.26861    2466.4072 
10803000    289.66772    91202.443   -668.04375   0.80263149    -133.0982    2564.3022 
10804000    293.38361    91201.858    617.97119   0.80263664   -227.83656    2504.1665 
10805000    297.05718    91201.273    332.19471   0.80264178   -195.74431    2570.4672 
10806000    288.28704    91200.688    385.98066   0.80264693    -176.0888    2508.4547 
10807000    300.01006    91200.103    1178.3671   0.80265208   -186.58828    2607.1206 
10808000    284.92287    91199.518     576.7612   0.80265723    -154.2379    2498.9782 
10809000    292.12018    91198.933    597.07909   0.80266238   -151.25612    2568.9818 
10810000    290.07534    91198.348    486.26314   0.80266753   -167.41352    2533.7827 
10811000    296.63885    91197.763    209.15148   0.80267268    -138.5779    2623.7381 
10812000    289.70075    91197.177   -280.80244   0.80267783   -208.90156    2488.8065 
10813000    289.41714    91196.592    597.61628   0.80268298   -167.33687    2527.7302 
10814000    297.10071    91196.007    336.93481   0.80268813   -153.32459    2613.2923 
10815000    295.00502    91195.422    994.24656   0.80269328    -190.6651    2556.4366 
10816000    290.30253    91194.837    719.05354   0.80269843    -208.6267    2494.6851 
10817000    291.06288    91194.252    165.33433   0.80270358   -131.20772    2579.1845 
10818000    292.36696    91193.667    230.67878   0.80270873   -107.44079    2615.0952 
10819000    286.75714    91193.082   -319.86701   0.80271388    -202.6237    2467.6733 
10820000    286.63008    91192.497    467.52269   0.80271903   -127.12467    2541.9891 
10821000     291.1576    91191.912    227.63552   0.80272418   -207.80148    2503.4728 
10822000    296.82225    91191.327    199.45482   0.80272932    -222.1632    2541.8606 
10823000    293.98108    91190.742    272.70801   0.80273447   -183.02462    2554.5421 
10824000     282.6572    91190.157    272.92496   0.80273962   -217.89718    2414.2209 
10825000    290.75272    91189.572    297.65709   0.80274477   -213.40324    2494.1008 
10826000    298.18823    91188.987     540.7468   0.80274992   -146.89349    2629.8504 
10827000    290.98034    91188.402    829.24017   0.80275507     -245.402    2464.2216 
10828000    290.59368    91187.817    748.67403   0.80276022   -212.99654    2493.0265 
10829000     299.3981    91187.232    299.39735   0.80276537    -178.9507    2609.0596 
10830000    293.15951    91186.647    1000.1494   0.80277052   -152.83465    2577.0815 
10831000    299.62457    91186.062    682.37411   0.80277568   -165.09253    2625.0266 
10832000    291.56282    91185.477    843.94544   0.80278083   -144.43142    2570.6163 
10833000    293.04772    91184.892     406.3797   0.80278598   -150.04739    2578.8278 
10834000    295.66418    91184.307    581.15723   0.80279113   -199.52505    2553.7147 
10835000    294.20662    91183.722   -118.84868   0.80279628   -130.31818    2609.3487 
10836000    294.90425    91183.137    935.21288   0.80280143   -221.57391    2524.5894 
10837000    290.75525    91182.552    604.65475   0.80280658   -116.33614    2591.1915 
10838000    292.43371    91181.967   -23.522372   0.80281173   -250.97064    2472.1869 
10839000    295.86047    91181.382    548.34905   0.80281688   -156.29378    2598.7739 
10840000    295.21105    91180.797    562.68397   0.80282203   -202.53538    2546.4848 
10841000     295.5101    91180.212    220.11615   0.80282718   -184.18558    2567.6195 
10842000    292.07393    91179.627    339.59819   0.80283233   -231.44611    2488.3611 
10843000    287.71306    91179.042   -9.6162976   0.80283748   -243.75805    2435.4405 
10844000    287.93029    91178.457    215.73548   0.80284263   -195.95224    2485.2692 
10845000    294.98487    91177.872    1781.2295   0.80284778   -169.83583    2577.0782 
10846000    290.99558    91177.287    1331.0216   0.80285293   -213.34932    2496.4162 
10847000    293.33361    91176.702   -75.730103   0.80285808   -325.61372    2405.9237 
10848000    293.77033    91176.117     360.1138   0.80286324   -221.36534    2514.2389 
10849000    290.31241    91175.532    470.02172   0.80286839   -202.70479    2500.6991 
10850000    302.28121    91174.947   -277.66937   0.80287354   -168.08469    2646.7732 
10851000    286.16136    91174.362    44.701848   0.80287869   -211.76053    2452.9886 
10852000    288.44937    91173.777     475.3491   0.80288384   -201.42965    2484.6255 
10853000    292.54889    91173.192    374.83624   0.80288899   -255.98405     2468.246 
10854000    295.87663    91172.607    456.46677   0.80289414   -292.38291    2462.8352 
10855000     288.1308    91172.022    429.45439   0.80289929    -165.2501    2517.8384 
10856000    295.83533    91171.438    103.31304   0.80290444    -276.8536      2477.98 
10857000    292.46002    91170.853    794.60128    0.8029096   -223.74478    2499.6577 
10858000    296.72167    91170.268   -98.481556   0.80291475   -200.80228    2562.2849 
10859000    296.25213    91169.683    686.24476    0.8029199   -281.47848    2477.2363 
10860000    292.89119    91169.098    -81.29349   0.80292505   -184.04414    2543.3735 
10861000    296.19926    91168.513    -104.4888    0.8029302   -277.76545     2480.457 
10862000    298.20335    91167.928    214.55968   0.80293535   -217.04481    2559.8398 
10863000    295.04914    91167.343    731.07114    0.8029405   -240.01361    2507.4989 
10864000    291.58557    91166.758    1272.0138   0.80294566   -218.07201    2497.1876 
10865000    295.98933    91166.173   -143.23657   0.80295081   -289.95998    2466.3076 
10866000     290.5051    91165.588   -73.208579   0.80295596   -248.34748    2456.8507 
10867000    291.52931    91165.003    753.15365   0.80296111   -160.00644    2554.7292 
10868000     292.2013    91164.418   -394.68223   0.80296626     -286.671    2434.3223 
10869000    289.35462    91163.833   0.16405824   0.80297142   -204.46452    2490.0204 
10870000    293.53432    91163.249   -181.93807   0.80297657   -327.60008    2405.8063 
10871000    294.08383    91162.664   -629.52543   0.80298172   -226.51466    2512.0088 
10872000    293.79102    91162.079    336.94642   0.80298687   -256.23274    2479.5641 
10873000    285.59331    91161.494     848.9478   0.80299202   -301.57549    2357.8838 
10874000    292.03186    91160.909   -177.38766   0.80299718   -237.13502    2482.2804 
10875000    300.31486    91160.324    435.84266   0.80300233   -233.46309    2563.0841 
10876000    289.09625    91159.739    1314.5068   0.80300748   -216.73678    2475.3422 
10877000    284.30679    91159.154     71.39593   0.80301263   -267.38201    2380.0972 
10878000     293.1148    91158.569    389.77148   0.80301778   -247.17112    2482.3287 
10879000    288.36994    91157.984   -316.99289   0.80302294    -266.3015     2419.014 
10880000     286.6986      91157.4    88.741985   0.80302809   -192.23518    2477.5167 
10881000     288.6441    91156.815    1269.2296   0.80303324   -188.32785    2499.5407 
10882000    290.64713     91156.23     147.9226   0.80303839    -221.3557     2485.165 
10883000    287.98027    91155.645    362.27008   0.80304355   -199.77415    2481.9127 
10884000    296.18258     91155.06    78.308683    0.8030487   -265.36415     2492.703 
10885000    299.81552    91154.475    -539.9708   0.80305385   -212.87638    2579.0209 
10886000    292.06883     91153.89    814.85757     0.803059   -230.33537    2489.4243 
10887000     292.2883    91153.305    584.38305   0.80306416   -266.69914    2455.1043 
10888000    295.24675    91152.721    718.71421   0.80306931   -238.18059    2511.1721 
10889000    295.68459    91152.136    711.27258   0.80307446    -243.2031    2510.2267 
10890000     290.7013    91151.551    21.998241   0.80307961   -250.21885    2456.8064 
10891000    291.52359    91150.966    861.25021   0.80308477     -258.081    2456.6014 
10892000     284.7851    91150.381    602.79591   0.80308992   -263.79289    2388.1404 
10893000    296.49501    91149.796    293.00607   0.80309507   -240.68693    2520.2896 
10894000    303.94297    91149.211    694.41258   0.80310023   -212.55608    2617.7762 
10895000    292.02002    91148.627    185.86187   0.80310538   -259.87789    2459.4273 
10896000    288.87288    91148.042   -658.77854   0.80311053    -253.7987    2436.2002 
10897000    291.02179    91147.457    1018.0454   0.80311569   -234.06452    2475.9451 
10898000    298.66052    91146.872    750.50928   0.80312084     -211.736    2569.4058 
10899000    300.12721    91146.287    391.15559   0.80312599   -279.78488    2515.0148 
10900000    298.34485    91145.702    601.73498   0.80313115   -232.89883    2545.3035 
10901000    294.34779    91145.118    504.66326    0.8031363   -272.76024    2468.2213 
10902000    295.10002    91144.533    371.77627   0.80314145   -226.74854    2521.2378 
10903000    294.46528    91143.948    605.32179   0.80314661   -252.49963     2489.576 
10904000    295.99528    91143.363     -421.713   0.80315176   -222.39337    2533.9296 
10905000    291.98772    91142.778    383.52662   0.80315691   -197.09458    2521.9098 
10906000    289.09439    91142.193    623.77239   0.80316207    -114.7294    2577.3321 
10907000    290.84529    91141.609    102.08289   0.80316722   -252.61963    2455.7464 
10908000    296.20901    91141.024    1457.0104   0.80317237   -201.99933     2556.314 
10909000    285.33681    91140.439    1216.8878   0.80317753    -313.9593    2343.1115 
10910000    291.95283    91139.854    194.51102   0.80318268   -245.70998    2472.9696 
10911000    288.35825    91139.269    1092.7046   0.80318783   -298.75606    2386.4505 
10912000    291.34589    91138.685    619.17583   0.80319299   -198.25165     2514.776 
10913000    289.89529      91138.1    1434.0943   0.80319814   -227.04346    2472.4762 
10914000    295.05219    91137.515   -99.951418    0.8032033   -168.38771    2579.1532 
10915000    297.34178     91136.93    644.27657   0.80320845   -190.14967     2578.712 
10916000    292.79244    91136.345     487.9647    0.8032136    -203.4304    2523.0676 
10917000    289.63717    91135.761    332.28503   0.80321876   -142.63139    2554.4846 
10918000    290.53172    91135.176    92.110196   0.80322391   -233.91271    2471.5333 
10919000    301.77816    91134.591    512.56512   0.80322907   -314.31556    2495.8579 
10920000    292.04732    91134.006    89.157835   0.80323422   -261.19621    2458.3632 
10921000    295.93993    91133.421     172.1665   0.80323937    -215.1137    2540.6939 
10922000    292.11707    91132.837   -626.84322   0.80324453    -268.3522    2451.8568 
10923000    289.37385    91132.252    54.428432   0.80324968   -251.70948    2442.9544 
10924000    284.34778    91131.667    158.27728   0.80325484   -238.28713    2409.5738 
10925000    286.95297    91131.082    845.28562   0.80325999   -286.11691    2386.0036 
10926000    290.78021    91130.498   -384.61868   0.80326515   -219.78377    2487.9763 
10927000    295.18326    91129.913    681.75127    0.8032703   -229.41563    2519.3458 
10928000    290.96742    91129.328    992.81307   0.80327545   -257.89689    2451.6065 
10929000    291.68584    91128.743   -303.55148   0.80328061   -170.21909    2545.9742 
10930000    292.24079    91128.159    -543.3788   0.80328576   -262.40712    2458.9539 
10931000    294.22326    91127.574    326.77499   0.80329092   -141.91592    2597.9059 
10932000     291.0487    91126.989    367.67594   0.80329607   -244.07926     2466.181 
10933000    296.68336    91126.404    254.36642   0.80330123   -157.61049    2605.1199 
10934000    291.43918     91125.82   -147.63738   0.80330638   -142.77981    2571.1166 
10935000    291.88604    91125.235   -821.79633   0.80331154   -224.27998    2493.7776 
10936000    291.68842     91124.65    1128.6977   0.80331669   -234.34533     2481.872 
10937000    291.19766    91124.065    534.99811   0.80332185   -198.66209    2512.9852 
10938000    296.84564    91123.481   -224.82715     0.803327   -145.81944    2618.4222 
10939000    298.40632    91122.896    73.427321   0.80333216   -170.58996    2608.1848 
10940000    294.51251    91122.311     689.7801   0.80333731   -195.06463    2547.4508 
10941000    296.07163    91121.726    1390.6729   0.80334247   -240.43417    2516.5998 
10942000    296.18193    91121.142    126.72608   0.80334762   -141.07086    2616.9903 
10943000    296.77213    91120.557    149.63474   0.80335278   -257.47587    2506.0812 
10944000    296.83847    91119.972    146.11482   0.80335793   -256.23889    2507.9359 
10945000      289.137    91119.387    145.17336   0.80336309   -184.23867    2508.2197 
10946000    293.72611    91118.803    222.95629   0.80336824   -209.47653    2525.7158 
10947000    294.61883    91118.218   -133.39756    0.8033734   -201.75563    2541.7498 
10948000    299.03984    91117.633    576.65942   0.80337855   -242.42496    2542.2491 
10949000    291.88779    91117.049    508.41346   0.80338371   -204.10407    2513.9698 
10950000    287.15536    91116.464   -375.09103   0.80338886   -180.74903    2493.2563 
10951000    285.05601    91115.879    535.56681   0.80339402   -133.73128    2520.7247 
10952000    284.35663    91115.294     607.8956   0.80339917   -240.99728    2406.9461 
10953000    295.97001     91114.71    2.4869191   0.80340433   -192.92892    2563.1588 
10954000    301.05293    91114.125    -568.8284   0.80340949    -208.3968    2595.0233 
10955000    297.09059     91113.54    223.48984   0.80341464     -194.521    2572.0016 
10956000    295.55544    91112.956     497.8338    0.8034198   -165.21951    2587.0077 
10957000    295.38431    91112.371   -16.752702   0.80342495   -178.77869     2571.855 
10958000    290.10659    91111.786     77.48477   0.80343011   -139.80153    2561.6857 
10959000     285.6162    91111.202   -729.76979   0.80343526   -165.99769    2493.6748 
10960000    292.90298    91110.617     341.7239   0.80344042   -147.31551    2580.2119 
10961000     299.5413    91110.032    256.05507   0.80344558   -211.63407    2577.7096 
10962000    290.85701    91109.448     1676.722   0.80345073   -157.25114     2551.224 
10963000    283.85597    91108.863    145.48023   0.80345589    -230.0367    2413.2444 
10964000    293.13119    91108.278    763.07447   0.80346104   -183.61243    2546.0401 
10965000    291.56718    91107.694   -101.57605    0.8034662   -167.43102    2547.6573 
10966000    291.44505    91107.109    295.58604   0.80347136    -233.6961     2480.255 
10967000    293.23083    91106.524   -580.77484   0.80347651    -237.2461    2493.3342 
10968000    294.37267     91105.94   -353.91628   0.80348167    -218.6711    2522.5421 
10969000    293.51114    91105.355    396.64865   0.80348683   -161.26119    2571.9294 
10970000     301.0108     91104.77    248.92923   0.80349198   -155.34768    2647.6801 
10971000    287.61268    91104.186    506.20562   0.80349714   -233.83379    2444.4301 
10972000    292.47631    91103.601   -88.050346   0.80350229   -238.48524    2485.0689 
10973000     296.1044    91103.016    1459.1626   0.80350745   -206.98102    2550.3581 
10974000    293.05279    91102.432    587.36329   0.80351261   -169.03933     2559.883 
10975000    301.95506    91101.847    568.56367   0.80351776   -175.11152    2636.7093 
10976000    289.50483    91101.262   -131.10639   0.80352292   -185.24197    2510.6417 
10977000    288.97651    91100.678    573.46504   0.80352808   -271.90407    2419.0598 
10978000    296.44644    91100.093    272.12093   0.80353323   -146.52542    2613.9988 
10979000    292.42664    91099.508   -697.69638   0.80353839   -250.57184    2472.5198 
10980000    297.99318    91098.924    942.37994   0.80354355   -170.47719    2604.4504 
10981000    294.66013    91098.339    887.37912    0.8035487   -156.81617    2587.0738 
10982000    294.03652    91097.755   -51.507472   0.80355386     -108.028     2630.055 
10983000    301.31093     91097.17    1024.6135   0.80355902   -217.59865     2588.224 
10984000    292.92829    91096.585    369.32138   0.80356417   -230.73672    2497.0263 
10985000    291.27311    91096.001    1032.5126   0.80356933   -267.27219    2445.0778 
10986000    290.90529    91095.416   -672.39999   0.80357449   -182.02093    2526.9039 
10987000    294.39228    91094.831   -69.472059   0.80357965   -253.92397    2487.4718 
10988000    293.28523    91094.247   -390.44851    0.8035848   -237.15113    2493.9358 
10989000    288.54596    91093.662    698.35696   0.80358996   -116.32243    2570.6322 
10990000    289.22754    91093.078   -27.009715   0.80359512   -174.23192    2519.0696 
10991000    299.48173    91092.493    320.44649   0.80360027   -150.82037    2637.9687 
10992000    288.30044    91091.908     780.7341   0.80360543   -192.66066    2492.0076 
10993000    294.50859    91091.324    694.97401   0.80361059    -192.4643    2550.0145 
10994000    283.67045    91090.739     529.0036   0.80361575   -223.74988    2417.8037 
10995000    288.62246    91090.155    583.38549    0.8036209   -210.15889    2477.5081 
10996000    295.29608     91089.57    733.66227   0.80362606   -245.56367    2504.2484 
10997000    291.95978    91088.985    37.421075   0.80363122   -254.63797    2464.1063 
10998000    293.72025    91088.401   -360.69177   0.80363638    -192.4195    2542.7183 
10999000    294.63255    91087.816   -321.84807   0.80364153   -211.90806    2531.7252 
11000000    286.81176    91087.232    311.40382   0.80364669   -206.34883    2464.4568 
