#Script for UA STAR molecule(C25H52 : 9-Octylheptadecane(Compound)). To be read into LAMMPS template.
#Created July 2021, Revised on Dec 2021

25 atoms
24 bonds
24 angles
24 dihedrals
3 impropers

Coords

1 0 0 0
2 1.53 0 0
3 3.06 0 0
4 4.59 0 0
5 6.12 0 0
6 7.65 0 0
7 9.18 0 0
8 10.71 0 0
9 12.24 0 0
10 13.77 0 0
11 15.3 0 0
12 16.83 0 0
13 18.36 0 0
14 19.89 0 0
15 21.42 0 0
16 22.95 0 0
17 24.48 0 0
18 12.24 1.53 0
19 12.24 3.06 0
20 12.24 4.59 0
21 12.24 6.12 0
22 12.24 7.65 0
23 12.24 9.18 0
24 12.24 10.71 0
25 12.24 12.24 0

Types

1 2
2 1
3 1
4 1
5 1
6 1
7 1
8 1
9 3
10 1
11 1
12 1
13 1
14 1
15 1
16 1
17 2
18 1
19 1
20 1
21 1
22 1
23 1
24 1
25 2

Bonds

1 1 1 2
2 1 2 3
3 1 3 4
4 1 4 5
5 1 5 6
6 1 6 7
7 1 7 8
8 1 8 9
9 1 9 10
10 1 9 18
11 1 10 11
12 1 11 12
13 1 12 13
14 1 13 14
15 1 14 15
16 1 15 16
17 1 16 17
18 1 18 19
19 1 19 20
20 1 20 21
21 1 21 22
22 1 22 23
23 1 23 24
24 1 24 25

Special Bond Counts

1 1 1 1
2 2 1 1
3 2 2 1
4 2 2 2
5 2 2 2
6 2 2 2
7 2 2 3
8 2 3 3
9 3 3 3
10 2 3 3
11 2 2 3
12 2 2 2
13 2 2 2
14 2 2 2
15 2 2 1
16 2 1 1
17 1 1 1
18 2 3 3 
19 2 2 3
20 2 2 2
21 2 2 2
22 2 2 2
23 2 2 1
24 2 1 1
25 1 1 1

Special Bonds

1 2 3 4
2 1 3 4 5
3 2 4 1 5 6
4 3 5 2 6 1 7
5 4 6 3 7 2 8
6 5 7 4 8 3 9
7 6 8 5 9 4 10 18
8 7 9 6 10 18 5 11 19
9 8 10 18 7 11 19 6 12 20
10 9 11 8 18 12 7 19 13
11 10 12 9 13 8 18 14
12 11 13 10 14 9 15
13 12 14 11 15 10 16
14 13 15 12 16 11 17
15 14 16 13 17 12
16 15 17 14 13
17 16 15 14
18 9 19 8 10 20 7 11 21
19 18 20 9 21 8 10 22
20 19 21 18 22 9 23
21 20 22 19 23 18 24
22 21 23 20 24 19 25
23 22 24 21 25 20
24 23 25 22 21
25 24 23 22

Angles

1 1 1 2 3
2 1 2 3 4
3 1 3 4 5
4 1 4 5 6
5 1 5 6 7
6 1 6 7 8
7 1 7 8 9
8 1 8 9 10
9 1 8 9 18
10 1 9 10 11
11 1 9 18 19
12 1 10 11 12
13 1 11 12 13
14 1 12 13 14
15 1 13 14 15
16 1 14 15 16
17 1 15 16 17
18 1 18 9 10
19 1 18 19 20
20 1 19 20 21
21 1 20 21 22
22 1 21 22 23
23 1 22 23 24
24 1 23 24 25

Dihedrals

1 1 1 2 3 4
2 1 2 3 4 5
3 1 3 4 5 6
4 1 4 5 6 7
5 1 5 6 7 8
6 1 6 7 8 9
7 2 7 8 9 10
8 2 7 8 9 18
9 2 8 9 10 11
10 2 8 9 18 19
11 1 9 10 11 12
12 1 9 18 19 20
13 2 10 9 18 19
14 1 10 11 12 13
15 2 11 10 9 18
16 1 11 12 13 14
17 1 12 13 14 15
18 1 13 14 15 16
19 1 14 15 16 17
20 1 18 19 20 21
21 1 19 20 21 22
22 1 20 21 22 23
23 1 21 22 23 24
24 1 22 23 24 25

Impropers

1 1 9 8 10 18
2 1 9 18 8 10
3 1 9 10 18 8