10000481    290.89925    111007.24    1201.0545   0.79056693   -751.69584    2499.1199 
10001000    290.47165    111005.85    71.023743   0.79057685   -712.14892    2533.8882 
10002000    295.82454    111003.16    772.90806   0.79059597    -776.3078    2529.5483 
10003000    295.63694    111000.48    608.07309    0.7906151   -795.12025    2508.6394 
10004000    298.38421    110997.79    591.44752   0.79063422   -762.39867    2572.0618 
10005000     286.7328    110995.11     541.8159   0.79065334   -720.04219    2484.2132 
10006000    295.75022    110992.42      146.923   0.79067247   -771.37547    2533.6501 
10007000    287.93857    110989.74    496.33446   0.79069159   -742.37014    2475.3598 
10008000     294.1627    110987.05    1000.9946   0.79071071   -682.73223    2604.5527 
10009000     296.0442    110984.37    438.86842   0.79072984   -716.31277     2591.998 
10010000    295.26529    110981.68    739.81058   0.79074897   -776.36775    2523.2387 
10011000      294.369       110979     803.3796   0.79076809   -783.59999    2505.9903 
10012000    287.63495    110976.32    487.70855   0.79078722   -707.48496    2506.8519 
10013000    288.40358    110973.63    95.013641   0.79080635    -808.6047    2414.3217 
10014000    296.43331    110970.95    251.16502   0.79082548   -725.65002     2587.009 
10015000    295.26729    110968.26       760.88   0.79084461   -650.80787    2648.8209 
10016000     296.4052    110965.58    768.52399   0.79086374   -778.25354    2534.0914 
10017000    290.74058    110962.89   -123.33238   0.79088287   -747.62018    2501.4224 
10018000    291.67481    110960.21    337.69213     0.790902   -768.04613    2491.4365 
10019000    291.54977    110957.53    627.16084   0.79092113   -678.48661    2579.5987 
10020000    296.25331    110954.84    325.78293   0.79094026   -680.95871    2629.6889 
10021000    291.07826    110952.16    878.54944    0.7909594   -753.30648    2499.5096 
10022000    290.68612    110949.47   -357.53137   0.79097853   -858.89793     2389.536 
10023000    296.58611    110946.79    140.92039   0.79099766   -775.49003    2538.8766 
10024000    294.66634    110944.11    608.12908    0.7910168   -743.05945    2549.8537 
10025000     298.7899    110941.42    317.91135   0.79103593   -710.61168    2628.3824 
10026000     299.3153    110938.74    612.32641   0.79105507   -764.11564    2580.7499 
10027000    291.96648    110936.06   -13.096353   0.79107421   -738.00043    2524.7415 
10028000    299.59311    110933.37    316.64052   0.79109334   -732.76827    2615.2018 
10029000    290.20277    110930.69    656.86132   0.79111248   -793.89584    2449.1366 
10030000     287.3377       110928   -156.16603   0.79113162   -672.70894    2538.3062 
10031000    288.65464    110925.32    151.06336   0.79115076    -637.8452    2587.8868 
10032000    294.01381    110922.64    513.22578    0.7911699   -724.29914    2561.3219 
10033000     291.9239    110919.95    247.45179   0.79118904   -775.65216     2486.614 
10034000    291.37437    110917.27    404.08064   0.79120818   -702.77789    2553.3473 
10035000    293.75243    110914.59    1151.3007   0.79122732   -661.11072    2621.5894 
10036000    294.11233     110911.9    684.79013   0.79124646   -729.41418    2557.3078 
10037000    293.14962    110909.22    829.77639   0.79126561   -703.23885    2572.7249 
10038000     288.6615    110906.54    796.79559   0.79128475   -772.74319    2453.0655 
10039000    296.91354    110903.85    744.34877   0.79130389    -725.7267     2592.299 
10040000    288.16064    110901.17     155.8355   0.79132304   -655.94424    2564.2673 
10041000    296.22153    110898.49    563.27051   0.79134218   -789.20834    2521.0842 
10042000    291.56133     110895.8    931.87859   0.79136133   -782.65344     2475.561 
10043000    291.85186    110893.12    95.130169   0.79138048   -791.91175    2469.5494 
10044000     290.5518    110890.44    469.45781   0.79139962   -780.90309    2466.0298 
10045000    294.06733    110887.76    600.51603   0.79141877   -762.85695    2523.3622 
10046000    291.11375    110885.07   -226.77314   0.79143792   -698.74148    2554.4712 
10047000    298.34511    110882.39    98.134972   0.79145707   -694.45177    2639.5718 
10048000    297.28729    110879.71    282.71608   0.79147622   -792.13577    2530.0667 
10049000    297.29524    110877.02    418.98395   0.79149537   -724.30296    2597.9883 
10050000    287.91457    110874.34    334.76503   0.79151452   -638.97342    2578.4882 
10051000    293.20034    110871.66    338.84287   0.79153367   -785.17551    2491.3549 
10052000    296.31548    110868.98    93.173074   0.79155282   -712.07959    2599.2628 
10053000    296.53147    110866.29     143.0716   0.79157198   -763.82547    2549.9306 
10054000    292.36735    110863.61    809.20038   0.79159113   -698.50824    2568.7135 
10055000     291.6232    110860.93    626.27091   0.79161028   -712.02684     2546.879 
10056000    294.71332    110858.25    110.48053   0.79162944   -744.62671    2548.8115 
10057000    293.88595    110855.56    111.92089   0.79164859   -702.52181    2581.6704 
10058000    287.02217    110852.88   -288.12616   0.79166775   -734.59221    2472.8969 
10059000    288.63586     110850.2    552.16723   0.79168691   -786.68921    2438.8329 
10060000    297.01362    110847.52    455.60785   0.79170606   -693.62826    2625.5158 
10061000    300.98025    110844.84    479.37907   0.79172522   -733.38499    2630.0865 
10062000    293.71159    110842.15      1085.04   0.79174438   -752.31257    2529.9311 
10063000    286.99718    110839.47   -321.12018   0.79176354   -721.88934    2485.3205 
10064000    288.89002    110836.79    513.77791    0.7917827   -794.92121    2433.4412 
10065000    292.60389    110834.11   -433.66701   0.79180186   -775.07741    2494.7877 
10066000    293.18519    110831.42    1.1328608   0.79182102   -661.37829    2614.9829 
10067000    286.73063    110828.74    18.151525   0.79184018   -703.02168    2501.2094 
10068000     288.3619    110826.06    726.28139   0.79185934   -712.44687    2510.0138 
10069000    294.79699    110823.38   -57.359766   0.79187851   -729.62202    2564.7511 
10070000    298.37978     110820.7    519.72241   0.79189767    -765.4299    2568.9811 
10071000    295.52115    110818.02    200.94057   0.79191683   -689.37128    2613.0944 
10072000     297.3329    110815.33    595.80323     0.791936   -769.93983    2552.7723 
10073000    300.94321    110812.65    284.63836   0.79195516   -749.82598    2613.2315 
10074000    292.16066    110809.97   -229.47121   0.79197433   -856.44915    2408.4628 
10075000    298.43524    110807.29    105.32457   0.79199349   -756.45627    2578.5745 
10076000    288.73241    110804.61   -217.92688   0.79201266   -805.51296    2421.0881 
10077000    298.42017    110801.93   -271.21664   0.79203183   -771.70569    2563.1567 
10078000    291.48022    110799.24   -49.814202     0.792051    -730.9011     2526.407 
10079000    292.81773    110796.56   -627.18471   0.79207017   -749.29613    2522.9586 
10080000    295.52392    110793.88    245.89706   0.79208934   -732.51423    2569.9824 
10081000    290.42382     110791.2    946.52207   0.79210851   -805.18428    2440.3184 
10082000    299.76615    110788.52     -57.4815   0.79212768   -752.35663    2597.5472 
10083000    295.05031    110785.84    179.40364   0.79214685    -738.1368    2559.0672 
10084000     293.4146    110783.16   -8.9795842   0.79216602    -763.9167    2515.0081 
10085000    291.24499    110780.47    259.41381   0.79218519   -806.50365    2448.1757 
10086000    292.23547    110777.79    99.815469   0.79220436   -776.03047    2489.7175 
10087000    291.18228    110775.11    56.291724   0.79222354   -712.80198    2541.1766 
10088000    292.48577    110772.43   -105.35161   0.79224271   -731.37096    2537.1741 
10089000    290.37709    110769.75    394.43648   0.79226189   -669.78997    2575.1905 
10090000    290.02769    110767.07   -443.20385   0.79228106    -730.3472    2510.7287 
10091000    289.24948    110764.39    323.38709   0.79230024   -794.33731    2438.0421 
10092000     286.4293    110761.71   -504.67524   0.79231942   -798.58625    2402.2774 
10093000    287.48475    110759.03    -431.8409   0.79233859   -723.58233    2489.0761 
10094000    297.86356    110756.35    850.11766   0.79235777   -730.21073    2598.4315 
10095000    288.87589    110753.67    396.80132   0.79237695   -802.42006    2425.7844 
10096000    293.21371    110750.98   -4.5135486   0.79239613   -860.01901    2416.6608 
10097000    300.49344     110748.3    490.39799   0.79241531   -790.69906    2567.3322 
10098000    286.26778    110745.62    142.39687   0.79243449   -747.27576    2451.7829 
10099000    292.57275    110742.94   -141.03087   0.79245367   -713.98336    2555.5338 
10100000     294.7867    110740.26   -182.34681   0.79247285   -624.04037    2670.2178 
10101000    294.50509    110737.58    284.43965   0.79249204   -828.26867    2462.8424 
10102000    296.86478     110734.9   -313.14703   0.79251122   -751.90115    2565.5797 
10103000    291.18231    110732.22   -124.41841    0.7925304   -785.36085     2468.618 
10104000    290.49947    110729.54    -107.1532   0.79254959   -766.37861    2479.9695 
10105000    295.35451    110726.86    464.85896   0.79256877   -782.23805    2518.3654 
10106000    294.14162    110724.18     539.2639   0.79258796   -794.98639     2492.063 
10107000    289.70313     110721.5   -272.08175   0.79260714   -772.90011    2464.5489 
10108000    298.84318    110718.82    24.739207   0.79262633   -677.52075    2662.0687 
10109000    287.50285    110716.14    170.23932   0.79264552    -752.1391    2460.7216 
10110000    294.10324    110713.46   -114.31291   0.79266471   -851.91696    2434.7035 
10111000    293.23542    110710.78   -401.10951   0.79268389   -755.91681    2521.0056 
10112000    295.54334     110708.1   -465.89156   0.79270308   -736.71236    2566.0012 
10113000    297.52089    110705.42    888.26518   0.79272227   -821.64008    2503.1728 
10114000    291.60913    110702.74   -87.977029   0.79274146    -694.6576     2564.091 
10115000    293.53468    110700.06    156.33965   0.79276066   -745.07113    2535.1957 
10116000    290.85073    110697.38    118.61956   0.79277985    -714.8506    2535.4228 
10117000    296.03904     110694.7    261.23966   0.79279904   -706.97714    2601.2759 
10118000     290.6807    110692.02    38.268076   0.79281823   -776.35925    2472.0142 
10119000    292.10632    110689.34    54.370713   0.79283743   -861.28134    2403.0234 
10120000     293.9926    110686.66    709.52346   0.79285662   -754.87854    2530.5054 
10121000    287.39082    110683.98   -586.67281   0.79287582   -699.18206    2512.4268 
10122000    293.06783     110681.3   -101.08279   0.79289501   -659.76929    2615.2803 
10123000    288.31628    110678.62   -75.045176   0.79291421   -709.89764    2512.0532 
10124000    296.12211    110675.94    538.76028    0.7929334   -684.26581    2624.9157 
10125000    298.53586    110673.26   -318.30103    0.7929526   -778.43962    2557.7156 
10126000     293.2411    110670.58   -482.07119    0.7929718   -684.86068    2592.1253 
10127000    295.65604     110667.9   -363.64076     0.792991   -820.71219    2483.2609 
10128000    296.41242    110665.22    293.09157    0.7930102   -742.68669     2569.739 
10129000    284.78139    110662.55    845.53171    0.7930294    -768.9375    2413.5107 
10130000    294.83778    110659.87   -460.88131    0.7930486   -740.17671    2554.6522 
10131000    294.36261    110657.19    148.87352    0.7930678   -650.88947    2638.6295 
10132000    300.17495    110654.51  -0.46585591     0.793087   -677.12897    2677.3432 
10133000    290.36504    110651.83    155.75092    0.7931062   -637.85596    2606.9899 
10134000    296.26413    110649.15    309.48595    0.7931254   -688.34586    2622.4226 
10135000    290.04971    110646.47   -735.98851   0.79314461   -778.14973    2463.1722 
10136000    290.42623    110643.79    504.44447   0.79316381   -768.34485    2477.1848 
10137000    285.71317    110641.11    174.76214   0.79318302   -725.15052    2467.7104 
10138000    291.67347    110638.43    -189.5499   0.79320222   -724.41383    2535.0538 
10139000    292.89131    110635.76   -934.14535   0.79322143    -741.3226    2531.7544 
10140000    287.67649    110633.08   -1086.3911   0.79324063   -649.88594    2564.9153 
10141000    289.89871     110630.4   -1129.6167   0.79325984   -747.40486    2492.2298 
10142000    288.85738    110627.72    628.41973   0.79327905   -698.29005    2529.7076 
10143000    297.92574    110625.04    997.37723   0.79329826   -669.00462    2660.3325 
10144000    293.48509    110622.36    302.68489   0.79331747    -768.6179    2511.0947 
10145000     290.7169    110619.68   -43.161943   0.79333668   -711.58455    2537.1934 
10146000    294.38161       110617   -811.29688   0.79335589   -774.48059    2515.2507 
10147000    290.77969    110614.33   -20.245267    0.7933751   -702.57133    2546.9082 
10148000    290.58528    110611.65    277.64626   0.79339431    -655.9596    2591.3475 
10149000    289.17738    110608.97    361.90027   0.79341352   -721.21206    2510.3616 
10150000     298.5603    110606.29   -663.86976   0.79343274   -714.21435     2622.214 
10151000    291.36938    110603.61    772.32442   0.79345195   -771.00136    2485.0681 
10152000    291.80559    110600.93   -360.25803   0.79347116   -716.35304     2544.591 
10153000    293.18779    110598.26   -203.82399   0.79349038   -716.50585    2559.8844 
10154000    300.02186    110595.58    -340.5196   0.79350959   -775.29015    2577.4712 
10155000    287.83591     110592.9   -541.15053   0.79352881   -705.68602    2510.8966 
10156000    301.20252    110590.22    397.88747   0.79354802   -650.69477    2715.2605 
10157000    294.66904    110587.54    194.07175   0.79356724   -684.37525     2608.568 
10158000    292.32551    110584.87   -578.58492   0.79358646   -682.04245    2584.7118 
10159000    289.58086    110582.19    104.63632   0.79360568   -752.71916    2483.3635 
10160000     302.4886    110579.51   -247.68317    0.7936249   -769.73887    2610.5884 
10161000    298.90304    110576.83    -437.5972   0.79364412   -787.57218    2552.6863 
10162000     295.1757    110574.15   -131.93733   0.79366334   -784.77868    2513.8265 
10163000    293.19671    110571.48      -111.68   0.79368256   -760.57475    2515.9152 
10164000    293.02854     110568.8    64.724788   0.79370178   -783.07822    2491.5324 
10165000    294.67641    110566.12    -266.9527     0.793721   -659.45855    2633.5671 
10166000    295.05863    110563.44    300.60338   0.79374022   -754.80636    2542.4906 
10167000    291.92574    110560.76    198.63929   0.79375945    -654.1591    2608.1276 
10168000    295.71635    110558.09    135.07443   0.79377867    -775.5432    2529.1039 
10169000    293.85175    110555.41   -238.59989    0.7937979   -731.54067    2552.2693 
10170000    290.96321    110552.73   -326.40417   0.79381712   -732.87816    2518.6523 
10171000    298.11929    110550.05   -673.61756   0.79383635   -803.82002      2527.68 
10172000    289.47543    110547.38   -1395.1561   0.79385557   -864.78663    2370.1178 
10173000    296.97068     110544.7    132.84535    0.7938748   -811.39663    2507.2676 
10174000     307.8744    110542.02     209.8455   0.79389403   -799.26603    2641.2479 
10175000    292.44523    110539.35    314.14786   0.79391326   -738.11475    2529.9773 
10176000    292.21957    110536.67    -17.70808   0.79393249   -767.62306    2497.9473 
10177000    292.41298    110533.99   -759.91444   0.79395172   -760.37186    2507.3598 
10178000    300.48807    110531.31    588.46119   0.79397095   -798.37734    2559.5939 
10179000    288.52113    110528.64   -542.58768   0.79399018   -777.50255    2446.7375 
10180000     287.8621    110525.96   -382.32837   0.79400941   -681.98091    2534.8945 
10181000    290.46151    110523.28   -487.63485   0.79402864   -783.84548    2462.0784 
10182000    296.79684    110520.61    408.55369   0.79404787   -698.34384    2618.3777 
10183000    295.18774    110517.93   -521.49723   0.79406711   -779.88166    2518.8582 
10184000    296.08073    110515.25   -560.19243   0.79408634   -782.68904      2526.03 
10185000    287.11661    110512.57   -361.85625   0.79410557   -722.07225    2486.4721 
10186000    285.06216     110509.9   -792.17414   0.79412481   -741.99995    2443.5859 
10187000    294.51827    110507.22    -214.1111   0.79414405   -729.36359    2561.8948 
10188000    290.68462    110504.54     315.4482   0.79416328   -783.34891    2465.0682 
10189000    294.80952    110501.87   -282.60715   0.79418252   -746.97943    2547.5337 
10190000    290.45169    110499.19    47.210239   0.79420176   -733.96533    2511.8488 
10191000    294.41758    110496.51   -1187.5798   0.79422099    -825.1617    2464.9714 
10192000    290.10793    110493.84    95.318916   0.79424023   -781.37158     2460.601 
10193000    291.16361    110491.16    310.33807   0.79425947    -729.5221    2524.2478 
10194000    292.89233    110488.49   -802.14101   0.79427871   -726.18594    2546.9025 
10195000    290.38197    110485.81   -92.821814   0.79429795   -691.44372    2553.5913 
10196000    291.52879    110483.13    375.35902    0.7943172   -742.10025    2515.7506 
10197000    294.45524    110480.46   -299.08594   0.79433644   -756.05909     2534.495 
10198000    292.82443    110477.78   -233.53351   0.79435568   -789.70744    2482.6222 
10199000    289.11409     110475.1   -53.423778   0.79437492   -773.86756    2456.9989 
10200000    294.28947    110472.43   -100.51107   0.79439417   -746.14741    2542.5542 
10201000    294.34092    110469.75   -486.94022   0.79441341   -718.82927    2570.4472 
10202000    294.03563    110467.07   -202.33401   0.79443266   -782.52488      2503.34 
10203000    287.60384     110464.4     235.5721    0.7944519   -749.71577    2464.2735 
10204000    291.24401    110461.72   -593.95837   0.79447115   -757.72336     2496.945 
10205000    303.95594    110459.05   -183.78784    0.7944904   -746.98617    2649.7387 
10206000    289.14682    110456.37   -9.3410829   0.79450964   -757.05199    2474.1801 
10207000    294.46217    110453.69    43.093721   0.79452889   -799.82022    2490.8112 
10208000    296.60002    110451.02    31.179269   0.79454814   -775.06489    2539.4572 
10209000    289.94664    110448.34   -421.08675   0.79456739   -760.90588    2479.2644 
10210000    293.14825    110445.67   -346.81002   0.79458664   -738.85149    2537.0969 
10211000    298.30646    110442.99   -333.08488   0.79460589   -754.72955    2578.8622 
10212000     303.0485    110440.32    96.286607   0.79462514   -726.89511    2659.6891 
10213000     290.9683    110437.64    47.845923   0.79464439   -776.02584    2475.5614 
10214000    291.99504    110434.96    539.30824   0.79466365   -692.55271    2570.5085 
10215000    290.77133    110432.29   -248.32596    0.7946829   -719.44947    2529.9366 
10216000    294.01126    110429.61   -398.17036   0.79470215   -729.53814    2556.0544 
10217000    296.28913    110426.94    149.30708   0.79472141     -688.302    2622.7459 
10218000    293.59431    110424.26    -851.9686   0.79474066   -785.83849    2495.0946 
10219000    285.70538    110421.59    -320.0454   0.79475992   -737.66462    2455.1093 
10220000    292.06105    110418.91   -430.62998   0.79477917   -816.36829    2447.4306 
10221000    294.31148    110416.24   -28.693219   0.79479843   -754.33606    2534.6114 
10222000     290.0432    110413.56   -368.46078   0.79481769   -715.55163    2525.6976 
10223000    296.06211    110410.89    470.00633   0.79483695   -704.17357    2604.3374 
10224000    294.77532    110408.21   -302.65394   0.79485621   -768.88125    2525.2497 
10225000    294.93378    110405.54    53.382936   0.79487547   -724.62543    2571.2764 
10226000    300.64486    110402.86   -19.649851   0.79489473   -704.94628    2654.7771 
10227000    291.82089    110400.19   -396.28242   0.79491399   -783.23212    2477.8829 
10228000    294.41746    110397.51    542.03268   0.79493325   -734.17834    2555.9536 
10229000    296.67819    110394.84   -576.94859   0.79495251   -754.29663     2561.099 
10230000    290.24706    110392.16   -125.42761   0.79497177    -779.8085    2463.7189 
10231000    286.77706    110389.49   -230.57269   0.79499103    -706.7352    2498.0148 
10232000    284.02175    110386.81   -190.81646    0.7950103    -746.6072    2427.3521 
10233000    296.62762    110384.14    -228.8785   0.79502956   -752.80004    2562.0305 
10234000    297.71403    110381.46    263.05835   0.79504883   -800.93223     2526.039 
10235000    300.94312    110378.79   -367.04579   0.79506809   -829.16085    2533.8956 
10236000    290.56199    110376.11   -150.25993   0.79508736   -681.77355    2565.2733 
10237000    288.96471    110373.44   -734.05909   0.79510663   -722.35675    2506.8403 
10238000      294.837    110370.76    697.41504   0.79512589   -714.49756    2580.3227 
10239000    293.61059    110368.09    34.951081   0.79514516   -766.85576    2514.2593 
10240000    294.57304    110365.41    837.80928   0.79516443   -721.22197    2570.6485 
10241000    295.54543    110362.74    142.42986    0.7951837   -738.31649    2564.4205 
10242000    294.86311    110360.07    839.23774   0.79520297   -766.69045    2528.4216 
10243000    296.87101    110357.39    899.64244   0.79522224   -691.99632    2625.5541 
10244000     295.5924    110354.72    199.04332   0.79524151   -726.12376    2577.1382 
10245000    290.05988    110352.04   -906.25341   0.79526078   -808.90592    2432.5297 
10246000    290.71427    110349.37      -120.52   0.79528006   -761.01126    2487.7373 
10247000    292.73889    110346.69    689.57777   0.79529933   -758.90301    2512.4708 
10248000    294.71482    110344.02   -700.45349    0.7953186   -769.73337    2523.7216 
10249000    296.68559    110341.35   -86.962533   0.79533788   -746.42759    2569.0507 
10250000    295.54013    110338.67    241.01834   0.79535715   -797.50575     2505.172 
10251000    292.37358       110336   -127.26772   0.79537643   -717.51938     2549.772 
10252000    293.74179    110333.32    6.9987563    0.7953957   -704.13314    2578.4481 
10253000     286.7179    110330.65   -625.32958   0.79541498   -791.12045    2412.9684 
10254000    290.20822    110327.98   -387.45483   0.79543426   -657.33788    2585.7554 
10255000    289.95277     110325.3   -828.32667   0.79545354   -785.66357    2454.5751 
10256000    291.94226    110322.63   -92.411094   0.79547282   -741.22869    2521.2426 
10257000    294.46254    110319.95   -110.80092    0.7954921   -794.72458    2495.9111 
10258000     288.8842    110317.28   -379.36878   0.79551137   -771.86395    2456.4334 
10259000    290.53801    110314.61    498.57369   0.79553066   -675.29067    2571.4881 
10260000    291.42635    110311.93     64.27554   0.79554994   -737.67571    2519.0303 
10261000    293.10664    110309.26   -661.50059   0.79556922   -772.89672    2502.5866 
10262000    295.66435    110306.59    75.107916    0.7955885   -711.71763    2592.3483 
10263000    289.63866    110303.91   -378.40301   0.79560778   -697.47408    2539.2544 
10264000    296.35493    110301.24    118.55783   0.79562707   -764.32996    2547.4532 
10265000    296.59434    110298.57    270.83779   0.79564635   -788.93827    2525.5203 
10266000    299.69762    110295.89   -425.77972   0.79566564   -839.12313    2510.0148 
10267000    290.10148    110293.22    346.12852   0.79568492   -746.69939    2495.2011 
10268000    289.72122    110290.55   -436.22122   0.79570421   -816.93838    2420.7128 
10269000    291.92364    110287.87    631.50879    0.7957235    -790.6064    2471.6568 
10270000    288.54462     110285.2   -835.23678   0.79574278   -781.91296    2442.5895 
10271000    291.71012    110282.53     300.9656   0.79576207   -820.71273    2439.1645 
10272000    295.40066    110279.85   -273.00715   0.79578136    -776.2206    2524.8986 
10273000    293.74515    110277.18   -68.152411   0.79580065   -724.48792    2558.1309 
10274000    288.94582    110274.51   -160.32232   0.79581994   -793.42506    2435.5609 
10275000    294.59949    110271.83   -263.12173   0.79583923   -772.55094    2519.6151 
10276000     297.5651    110269.16    -340.7603   0.79585852    -805.8168    2519.4901 
10277000    293.81873    110266.49   -342.92262   0.79587781   -805.36683    2478.0742 
10278000    289.79821    110263.82   -260.70159    0.7958971   -785.89609    2452.6154 
10279000    284.74043    110261.14   -858.03537    0.7959164   -794.30845    2387.6821 
10280000    299.17942    110258.47   -180.75339   0.79593569   -759.51091    2583.8362 
10281000    285.44884     110255.8   -851.79007   0.79595499   -766.18405    2423.7229 
10282000    287.27364    110253.12   -507.82281   0.79597428   -822.69201    2387.6073 
10283000    284.82353    110250.45    -438.8631   0.79599358   -783.27436    2399.6447 
10284000    290.61828    110247.78   -675.56094   0.79601287   -792.96822    2454.7075 
10285000    294.83778    110245.11    83.053911   0.79603217   -772.90853    2521.9204 
10286000    290.80168    110242.43   -185.04656   0.79605147   -745.50358    2504.2217 
10287000    289.55141    110239.76   -101.01571   0.79607076   -766.29787    2469.4556 
10288000    295.54577    110237.09    129.10063   0.79609006   -754.70005    2548.0407 
10289000    297.65538    110234.42   -223.05963   0.79610936   -793.31368    2533.0022 
10290000    292.78302    110231.74   -316.88299   0.79612866   -751.22014    2520.6468 
10291000    292.36183    110229.07   -543.18623   0.79614796   -673.36227    2593.7978 
10292000    289.78636     110226.4   -519.19103   0.79616726   -722.79408     2515.585 
10293000    293.45042    110223.73    -132.3612   0.79618657   -720.62463    2558.7005 
10294000      285.569    110221.06    301.32541   0.79620587   -811.11871    2380.1311 
10295000     294.2032    110218.38   -389.29022   0.79622517   -776.09877    2511.6387 
10296000    294.47506    110215.71    812.85149   0.79624447   -705.90491    2584.8706 
10297000    294.05811    110213.04   -873.68793   0.79626378   -771.53639    2514.5797 
10298000     298.4719    110210.37    611.90669   0.79628308   -726.67872    2608.7617 
10299000     292.0212     110207.7    273.96521   0.79630239   -737.77841    2525.5751 
10300000     292.7429    110205.02     544.4025    0.7963217   -792.51832    2478.9002 
10301000    296.86672    110202.35    167.27707     0.796341   -757.03862    2560.4639 
10302000    290.89337    110199.68   -553.04029   0.79636031   -665.31953    2585.4304 
10303000    288.66374    110197.01   -279.84223   0.79637962   -693.30026    2532.5334 
10304000    289.30114    110194.34    -1211.172   0.79639893   -789.23225    2443.7244 
10305000    293.05698    110191.67   -162.10812   0.79641824   -691.92936     2582.999 
10306000    296.03482    110188.99    1161.2699   0.79643755   -736.82204    2571.3839 
10307000    298.28663    110186.32   -130.85502   0.79645686   -778.09481    2555.2753 
10308000    296.97522    110183.65   -656.93553   0.79647617    -781.7599     2536.955 
10309000    287.51089    110180.98   -907.96046   0.79649548   -796.33536    2416.6151 
10310000    287.61826    110178.31   -153.75967   0.79651479   -732.32246     2481.828 
10311000    297.63414    110175.64   -265.88171    0.7965341   -779.31425    2546.7642 
10312000    294.87802    110172.96    364.01258   0.79655342   -719.46579    2575.8128 
10313000    293.34122    110170.29    54.335906   0.79657273   -822.43623    2455.6686 
10314000    296.32222    110167.62   -666.85534   0.79659205   -811.41822    2499.9994 
10315000    295.31498    110164.95   -191.81731   0.79661136   -734.58125    2565.5804 
10316000    291.32532    110162.28   -138.64215   0.79663068   -786.03671    2469.5403 
10317000    288.56646    110159.61    -285.9098      0.79665    -773.5938    2451.1528 
10318000    289.18321    110156.94    330.85238   0.79666931   -836.55576    2395.0831 
10319000    293.07319    110154.27    58.569895   0.79668863   -767.28763    2507.8219 
10320000    292.14847     110151.6    194.19705   0.79670795   -766.57558    2498.2002 
10321000    288.53535    110148.92    153.72347   0.79672727   -765.93362    2458.4653 
10322000    292.22459    110146.25    564.38665   0.79674659   -708.48446     2557.142 
10323000    289.55609    110143.58   -334.91967   0.79676591   -829.80807    2405.9977 
10324000    293.33823    110140.91   -219.17538   0.79678523   -679.84458    2598.2268 
10325000    290.24234    110138.24   -1227.6336   0.79680455    -700.5983    2542.8763 
10326000    298.15166    110135.57    164.39432   0.79682387   -733.47344    2598.3884 
10327000    291.72598     110132.9   -462.12913    0.7968432   -755.94025    2504.1142 
10328000    289.72861    110130.23     197.5745   0.79686252   -708.93553    2528.7982 
10329000    293.60607    110127.56   -236.71517   0.79688185   -761.15021    2519.9143 
10330000    307.11902    110124.89   -186.70889   0.79690117   -791.09721    2640.9753 
10331000    284.74128    110122.22   -763.08528    0.7969205   -819.05754    2362.9425 
10332000    297.25191    110119.55    -1003.647   0.79693982   -690.16623    2631.6408 
10333000    289.18888    110116.88   -381.46542   0.79695915   -826.89749    2404.8047 
10334000    284.25555    110114.21     -2.32643   0.79697848    -716.1719    2460.4001 
10335000    294.03578    110111.54    461.71976    0.7969978   -752.72103    2533.1455 
10336000    292.14864    110108.86    272.55481   0.79701713    -690.4022    2574.3755 
10337000    289.39029    110106.19    -152.6939   0.79703646   -784.99108    2448.9619 
10338000    290.66744    110103.52    839.44959   0.79705579   -813.07571    2435.1495 
10339000    288.36766    110100.85   -135.50292   0.79707512   -742.82537    2479.6996 
10340000    294.74237    110098.18   -341.24184   0.79709445     -778.736    2515.0267 
10341000    291.11755    110095.51    -74.12358   0.79711379   -845.41864    2407.8365 
10342000       296.06    110092.84   -313.73354   0.79713312   -786.09372    2522.3936 
10343000    288.51213    110090.17    209.08537   0.79715245   -849.55526    2374.5841 
10344000    292.70642     110087.5    147.17849   0.79717178   -731.50404    2539.5068 
10345000    295.75801    110084.83    350.72378   0.79719112   -676.25861     2628.854 
10346000    291.66137    110082.16   -223.64541   0.79721045   -785.23482    2474.0976 
10347000    297.76669    110079.49   -367.67504   0.79722979   -733.45834    2594.1013 
10348000    289.69501    110076.82   -1134.5421   0.79724912   -703.78078    2533.5774 
10349000    296.58696    110074.15   -387.80346   0.79726846   -753.59017     2560.786 
10350000    291.41939    110071.48   -30.347971    0.7972878    -804.5289    2452.0994 
10351000    293.22498    110068.81     -660.509   0.79730714   -728.49215    2548.3137 
10352000    291.66488    110066.15   -112.95959   0.79732648   -820.54146    2438.8302 
10353000    294.91856    110063.48   -49.951562   0.79734581   -733.54714    2562.1845 
10354000    297.58954    110060.81   -475.09666   0.79736515   -723.64223    2601.9379 
10355000    291.99095    110058.14    516.28703    0.7973845   -794.37908    2468.6364 
10356000    290.78802    110055.47   -376.06131   0.79740384   -707.16243    2542.4103 
10357000    293.17827     110052.8    326.98449   0.79742318    -693.1564    2583.1274 
10358000    292.08279    110050.13    401.55375   0.79744252   -755.31104    2508.7308 
10359000    289.56136    110047.46   -94.926358   0.79746186   -683.64895    2552.2157 
10360000    293.37956    110044.79    436.51812   0.79748121   -740.95295    2537.5804 
10361000    291.83111    110042.12   -106.09516   0.79750055   -782.10997    2479.1193 
10362000    295.62429    110039.45   -290.26951    0.7975199   -779.19152    2524.4268 
10363000    300.16007    110036.78   -17.297988   0.79753924   -788.30604    2565.9999 
10364000     285.8873    110034.11    250.64229   0.79755859   -686.24197    2508.5649 
10365000    288.76317    110031.44    246.80408   0.79757793    -693.7483    2533.1966 
10366000    290.06057    110028.77   -216.37431   0.79759728   -764.47848    2476.9648 
10367000    291.88812    110026.11    194.26236   0.79761663   -764.10274    2497.7636 
10368000    290.19267    110023.44   -55.768663   0.79763598   -713.89085    2529.0288 
10369000    298.10981    110020.77    171.96767   0.79765533     -673.326     2658.068 
10370000    292.23421     110018.1    128.43496   0.79767468   -747.48509    2518.2489 
10371000    300.40923    110015.43   -580.77188   0.79769403   -755.91384    2601.1764 
10372000    293.89105    110012.76    351.04677   0.79771338   -700.26643    2583.9828 
10373000    290.51368    110010.09   -234.08855   0.79773273   -762.91378    2483.5931 
10374000    296.80796    110007.42    273.66254   0.79775208   -756.01396    2560.8319 
10375000    299.41966    110004.76   -258.63859   0.79777144   -802.38203    2543.6496 
10376000    292.21027    110002.09   -570.37664   0.79779079   -692.87633    2572.5901 
10377000    291.90101    109999.42    63.858196   0.79781014   -702.83757    2559.1728 
10378000    296.76177    109996.75    248.38917    0.7978295   -686.00334    2630.3263 
10379000    291.00604    109994.08    344.30388   0.79784886   -680.20998     2571.799 
10380000    297.42861    109991.41   -309.62758   0.79786821   -622.11175    2701.6699 
10381000    293.09013    109988.74   -246.97137   0.79788757   -758.08431    2517.2146 
10382000     295.2537    109986.08    183.65432   0.79790693   -695.20336    2604.2735 
10383000    299.65168    109983.41     11.19191   0.79792628    -746.0571    2602.5675 
10384000    296.33977    109980.74    392.03052   0.79794564     -762.278    2549.3358 
10385000    289.94737    109978.07   -62.311601     0.797965   -672.43963    2567.7388 
10386000    301.14223     109975.4   -494.25646   0.79798436   -756.01682    2609.2647 
10387000    288.70016    109972.73   -289.00447   0.79800372   -697.29457    2528.9461 
10388000    297.07374    109970.07    424.70658   0.79802308   -659.81768    2659.9983 
10389000    293.54226     109967.4   -164.68245   0.79804244   -646.57347     2633.778 
10390000    295.89147    109964.73    -171.5561   0.79806181   -665.71724    2640.8867 
10391000    298.17131    109962.06    -167.4451   0.79808117   -806.85921    2525.2221 
10392000    288.93863    109959.39    648.02459   0.79810053   -632.87074    2596.0349 
10393000      293.705    109956.73   -263.43317    0.7981199   -738.33475    2543.8354 
10394000    291.60422    109954.06    737.37447   0.79813926   -687.88554    2570.8082 
10395000    297.57373    109951.39   -484.44417   0.79815863   -744.23881    2581.1645 
10396000    298.93487    109948.72    115.95629   0.79817799   -801.37696    2539.2372 
10397000    288.20377    109946.06    312.14189   0.79819736   -707.23672    2513.4568 
10398000    289.34126    109943.39    58.701105   0.79821673   -693.77192    2539.6331 
10399000    292.10701    109940.72   -99.059214    0.7982361   -679.84679    2584.4657 
10400000     284.9818    109938.05   -932.56921   0.79825547   -759.26505    2425.4228 
10401000    295.28639    109935.39    253.52198   0.79827483   -712.56056    2587.2817 
10402000    283.91136    109932.72    360.25319    0.7982942   -715.20081    2457.5248 
10403000    295.15452    109930.05   -506.06165   0.79831358   -752.36557     2546.003 
10404000    292.77118    109927.38   -721.95456   0.79833295    -676.1846      2595.55 
10405000    293.38912    109924.72   -290.11178   0.79835232   -672.32586    2606.3143 
10406000    288.72052    109922.05   -497.49516   0.79837169   -737.78116    2488.6871 
10407000    292.44097    109919.38   -57.956623   0.79839106   -780.96793    2487.0765 
10408000    288.16816    109916.71   -929.52344   0.79841044   -688.07904    2532.2166 
10409000     293.6616    109914.05    170.81795   0.79842981   -654.49672    2627.1884 
10410000    297.00419    109911.38    487.66737   0.79844919   -714.36118    2604.6776 
10411000    296.53721    109908.71   -1294.1429   0.79846856   -695.95534    2617.8649 
10412000    291.47521    109906.05   -238.92818   0.79848794   -799.34449    2457.9076 
10413000    293.65132    109903.38    233.83034   0.79850732   -800.96154    2480.6087 
10414000    293.43569    109900.71    170.06135   0.79852669    -743.9466    2535.2139 
10415000    297.80742    109898.04   -70.028741   0.79854607   -803.37485      2524.64 
10416000    292.80778    109895.38     -166.783   0.79856545   -785.92611    2486.2175 
10417000     290.8996    109892.71   -628.85604   0.79858483   -762.73361    2488.0859 
10418000    290.99911    109890.04   -355.60859   0.79860421   -794.22661     2457.705 
10419000    287.17243    109887.38    455.84482   0.79862359   -744.73578    2464.4325 
10420000    290.37212    109884.71   -128.78681   0.79864297   -760.46565    2484.4593 
10421000     288.6592    109882.04   -306.85981   0.79866235   -756.30155    2469.4814 
10422000    291.95024    109879.38    249.51489   0.79868174   -765.78061    2496.7799 
10423000    292.79684    109876.71   -628.24353   0.79870112    -808.6841    2463.3373 
10424000    298.88887    109874.04   -1299.9788    0.7987205   -644.07938    2696.0207 
10425000     295.0231    109871.38   -540.72942   0.79873989   -739.10215    2557.7978 
10426000    296.36451    109868.71    27.046881   0.79875927   -697.68016      2614.21 
10427000    298.64713    109866.04   -330.95611   0.79877866    -771.4233    2565.9754 
10428000    292.37775    109863.38   -134.59508   0.79879804   -787.69344    2479.6445 
10429000    284.40418    109860.71   -211.52414   0.79881743   -796.46211    2381.7708 
10430000    287.30272    109858.05    269.59087   0.79883682   -729.87673    2480.7476 
10431000    292.86289    109855.38   -138.55309   0.79885621   -777.60048     2495.159 
10432000    292.96734    109852.71    -49.34443   0.79887559   -782.02652    2491.9002 
10433000    294.59123    109850.05    88.774641   0.79889498   -783.43306    2508.6407 
10434000    291.10903    109847.38    559.64381   0.79891437   -777.32263    2475.8373 
10435000    293.42552    109844.72    100.41701   0.79893376   -750.63677    2528.4101 
10436000    291.31454    109842.05   -467.18488   0.79895316   -783.92888    2471.5277 
10437000    289.86889    109839.38   -162.30545   0.79897255   -734.18401    2505.1173 
10438000    295.63023    109836.72   -195.47304   0.79899194   -836.18236    2467.5023 
10439000    293.32324    109834.05   -904.87496   0.79901133   -692.56029    2585.3436 
10440000    290.67361    109831.39   -546.37675   0.79903073   -815.95209     2432.342 
10441000    295.02848    109828.72    152.57923   0.79905012   -735.95483    2561.0052 
10442000    296.26424    109826.05     185.1625   0.79906952   -769.84201    2540.9277 
10443000    290.55252    109823.39   -666.21699   0.79908891   -710.51503    2536.4259 
10444000     294.5734    109820.72   -222.51296   0.79910831   -765.02421    2526.8503 
10445000    296.20045    109818.06   -694.68066    0.7991277   -715.68666    2594.3702 
10446000     295.0197    109815.39   -345.61886    0.7991471   -772.11412    2524.7478 
10447000    286.84278    109812.73    -523.5668    0.7991665   -644.35804    2561.1264 
10448000    294.73039    109810.06    65.050586    0.7991859   -849.94566    2443.6832 
10449000    292.84795    109807.39    585.18025    0.7992053   -737.51267    2535.0798 
10450000    293.64983    109804.73   -206.96593    0.7992247   -792.39841    2489.1552 
10451000    292.95445    109802.06   -422.41025    0.7992441    -757.5778    2516.2048 
10452000    295.99614     109799.4   -399.42981    0.7992635   -833.65653    2474.1171 
10453000    292.11475    109796.73    131.75653    0.7992829   -784.66036    2479.7386 
10454000    296.14442    109794.07   -724.04127   0.79930231   -749.50482    2559.9259 
10455000    298.12638     109791.4   -323.64275   0.79932171   -769.77109    2561.8082 
10456000    295.52046    109788.74   -484.84534   0.79934111   -827.47558    2474.9823 
10457000      295.775    109786.07   -294.71178   0.79936052   -745.90206    2559.4004 
10458000    293.24349    109783.41   -370.97405   0.79937992   -791.60622    2485.4065 
10459000    292.68365    109780.74    34.429422   0.79939933    -794.0964    2476.6601 
10460000    296.97796    109778.08    57.533135   0.79941873   -680.96323    2637.7824 
10461000    292.98404    109775.41    410.26219   0.79943814   -745.91623    2528.1971 
10462000    300.63464    109772.75    45.165398   0.79945755   -718.23617     2641.373 
10463000    292.67098    109770.08    323.20304   0.79947696   -700.21555    2570.3993 
10464000    296.01061    109767.42    244.19657   0.79949637   -750.41911    2557.5163 
10465000    296.69653    109764.75    72.600676   0.79951577   -796.18011    2519.4205 
10466000    294.47191    109762.09   -269.97797   0.79953518   -729.51276    2561.2276 
10467000    288.87225    109759.42   -235.74799    0.7995546   -733.43977     2494.724 
10468000    290.81211    109756.76    -402.6113   0.79957401   -717.41469    2532.4272 
10469000    294.78839    109754.09    42.971274   0.79959342   -723.08838    2571.1887 
10470000    296.87646    109751.43    -701.2372   0.79961283   -761.09313    2556.5182 
10471000    292.67851    109748.77   -281.62694   0.79963224   -748.56912    2522.1299 
10472000    288.93079     109746.1    -204.9318   0.79965166   -719.50743    2509.3106 
10473000    295.51309    109743.44   -195.50173   0.79967107   -806.61158     2495.764 
10474000    296.42062    109740.77    482.62663   0.79969049    -799.5059    2513.0114 
10475000    288.58844    109738.11    75.202137    0.7997099   -796.93881    2428.0534 
10476000     296.5698    109735.44    -383.7337   0.79972932   -827.45553    2486.7288 
10477000     294.4667    109732.78   -931.73571   0.79974874   -791.97866    2498.7035 
10478000    291.88485    109730.12   -1790.3834   0.79976815   -824.29888    2437.5309 
10479000    290.23304    109727.45   -468.71344   0.79978757   -802.01968    2441.3511 
10480000     291.3771    109724.79   -585.30495   0.79980699   -790.87923    2465.2765 
10481000    293.50868    109722.12   -669.86592   0.79982641   -840.13377    2439.8424 
10482000    293.83917    109719.46   -996.82573   0.79984583   -778.00484    2505.6646 
10483000    297.94124    109716.79   -788.76678   0.79986525    -840.1858    2489.3245 
10484000    292.78466    109714.13   -826.95698   0.79988467   -704.78747    2567.0977 
10485000    288.84008    109711.47    4.2866023    0.7999041   -787.41817    2440.3862 
10486000     293.7378     109708.8   -531.80372   0.79992352   -745.57943    2536.9572 
10487000    297.71437    109706.14   -113.38242   0.79994294   -836.19656    2490.7785 
10488000    297.38302    109703.48   -1283.5661   0.79996237   -851.79555    2471.4766 
10489000    290.48838    109700.81    435.85083   0.79998179   -823.12479    2423.0994 
10490000    288.41556    109698.15   -674.63045   0.80000122    -839.8453     2383.215 
10491000    291.91137    109695.48   -267.56689   0.80002064   -765.71548    2496.4107 
10492000    293.22366    109692.82   -834.30394   0.80004007   -834.50989    2442.2812 
10493000    298.86467    109690.16     312.0269   0.80005949   -722.67571    2617.1539 
10494000    296.36242    109687.49   -591.59229   0.80007892   -785.05409    2526.8129 
10495000    289.03194    109684.83   -1048.0873   0.80009835   -800.09293    2429.8554 
10496000    299.28502    109682.17   -545.08867   0.80011778   -768.08232    2576.4448 
10497000    292.30392     109679.5   -96.929201   0.80013721   -739.75175    2526.7611 
10498000    296.22807    109676.84   -262.19414   0.80015664   -794.25517    2516.1104 
10499000     296.9849    109674.18     165.5774   0.80017607   -705.78934    2613.0338 
10500000    289.85231    109671.51   -444.90498    0.8001955   -813.53628    2425.5798 
10501000     289.0847    109668.85   -120.90241   0.80021493   -751.13051    2479.4074 
10502000    297.88916    109666.19    -119.4502   0.80023437   -761.85414    2567.0741 
10503000     292.4391    109663.52   -519.12328    0.8002538   -813.15573    2454.8678 
10504000    285.87497    109660.86   -316.17838   0.80027323   -783.53291    2411.1362 
10505000    291.56542     109658.2   -829.93982   0.80029267   -748.07255    2510.1876 
10506000    298.86038    109655.53   -383.72816    0.8003121   -765.86161    2573.9201 
10507000    297.04657    109652.87     37.39181   0.80033154   -726.86152    2592.6507 
10508000     297.1883    109650.21    567.12269   0.80035098   -686.59346    2634.5027 
10509000    296.55968    109647.55   -449.15272   0.80037041   -714.39753    2599.6737 
10510000    301.08105    109644.88   -352.67097   0.80038985   -745.77892    2618.8189 
10511000     290.8554    109642.22   -376.97106   0.80040929   -805.40308    2444.9225 
10512000    290.56029    109639.56   -809.35235   0.80042873   -764.49597    2482.5318 
10513000    292.03342    109636.89   -149.65954   0.80044817   -706.61853    2556.8715 
10514000     292.9899    109634.23    -340.1173   0.80046761   -774.72742    2499.4514 
10515000    291.69768    109631.57    328.88459   0.80048705   -744.37138    2515.3668 
10516000    296.93209    109628.91    124.91152   0.80050649   -729.16619    2589.0668 
10517000    293.91331    109626.24   -383.25787   0.80052593   -803.58801      2480.91 
10518000    297.01606    109623.58   -404.00426   0.80054538   -751.91444    2567.2569 
10519000    298.25558    109620.92    204.41819   0.80056482   -683.69041    2649.3327 
10520000    291.99986    109618.26   -352.54872   0.80058426   -756.72582    2506.3892 
10521000    294.95732    109615.59   -771.53944   0.80060371   -751.16073    2545.0041 
10522000    287.83365    109612.93   -117.98181   0.80062315   -758.49867    2458.0588 
10523000     290.1428    109610.27   -711.20239    0.8006426   -829.08026    2413.2821 
10524000    290.93126    109607.61   -335.60073   0.80066205    -752.7213    2498.4521 
10525000    285.86107    109604.95   -829.65329   0.80068149   -727.73136    2466.7823 
10526000    297.17618    109602.28   -392.04516   0.80070094   -801.72888    2519.2318 
10527000    294.68669    109599.62   -762.00176   0.80072039   -836.06266    2457.0778 
10528000    295.48994    109596.96    282.23352   0.80073984   -728.21697    2573.8999 
10529000    291.04228     109594.3    143.45086   0.80075929   -788.92868    2463.4854 
10530000    294.21986    109591.64    550.02017   0.80077874   -767.62595    2520.2977 
10531000     293.2326    109588.97   -6.7826013   0.80079819   -848.47655    2428.4145 
10532000    290.25217    109586.31   -912.67925   0.80081764   -786.12639    2457.4581 
10533000     291.5045    109583.65    -785.2496   0.80083709   -823.10028    2434.4791 
10534000    292.18367    109580.99    -685.0564   0.80085655   -783.74074    2481.4284 
10535000     285.8026    109578.33   -389.78428     0.800876   -767.39259    2426.4678 
10536000    293.93433    109575.66   -306.12652   0.80089545   -740.54359    2544.1893 
10537000     289.2142       109573     621.6183   0.80091491    -773.6095    2458.3756 
10538000    281.84094    109570.34   -746.52421   0.80093436   -800.72951     2348.859 
10539000    284.42572    109567.68   -328.51088   0.80095382   -846.95915    2331.5144 
10540000    290.97011    109565.02   -1043.6187   0.80097328   -822.25019    2429.3573 
10541000    291.77919    109562.36   -545.27196   0.80099273   -743.38657    2517.2625 
10542000    286.55353     109559.7   -161.78566   0.80101219   -759.30539    2442.9466 
10543000    296.83961    109557.03    20.991728   0.80103165   -740.98893    2576.2106 
10544000     291.4235    109554.37   -230.05799   0.80105111   -757.87863    2498.7955 
10545000    296.33191    109551.71   -60.464229   0.80107057   -830.42364    2481.1023 
10546000    292.49343    109549.05    839.90381   0.80109003    -790.5056    2478.1252 
10547000    289.44259    109546.39    71.937754   0.80110949   -851.33911    2383.1983 
10548000    292.93641    109543.73    350.97145   0.80112895   -733.66941    2539.9116 
10549000    294.37394    109541.07   -198.23328   0.80114841    -739.1595     2550.486 
10550000    297.47424    109538.41    -605.9027   0.80116788   -786.54468    2537.7469 
10551000     290.5333    109535.74   -793.00319   0.80118734   -778.38005    2468.3461 
10552000    294.13533    109533.08   -1234.2091   0.80120681   -886.22389    2400.7552 
10553000    293.53184    109530.42   -407.09541   0.80122627   -772.21843    2508.0166 
10554000    288.41474    109527.76   -124.44757   0.80124574   -799.30378    2423.7473 
10555000    296.27763     109525.1   -660.46414    0.8012652     -792.177    2518.7424 
10556000    296.02076    109522.44   -955.72328   0.80128467   -737.39732    2570.6515 
10557000    291.69899    109519.78    303.31925   0.80130414   -804.73172    2455.0211 
10558000    295.08579    109517.12     -237.007    0.8013236   -731.55858    2566.0419 
10559000     289.8821    109514.46   -1126.1745   0.80134307   -768.54301     2470.906 
10560000    295.43198     109511.8   -583.27898   0.80136254   -822.68462    2478.7846 
10561000    289.61654    109509.14   -693.25554   0.80138201   -808.64975    2427.8315 
10562000    291.61611    109506.48   -20.427107   0.80140148   -748.78842    2510.0382 
10563000    298.90714    109503.81    -451.4397   0.80142095   -735.28869    2605.0156 
10564000    292.08515    109501.15     -551.243   0.80144043   -778.82829    2485.2399 
10565000    295.79363    109498.49   -106.40804    0.8014599   -774.93049    2530.5802 
10566000    294.34619    109495.83   -846.72632   0.80147937   -800.07385    2489.2616 
10567000    289.15563    109493.17    -69.38711   0.80149884   -657.81976    2573.5109 
10568000    297.26587    109490.51   -306.25089   0.80151832   -743.94276    2578.0202 
10569000     293.4833    109487.85   -652.12873   0.80153779    -810.1682    2469.5243 
10570000    295.62792    109485.19    407.77067   0.80155727   -863.91211    2439.7468 
10571000    299.59738    109482.53    361.36227   0.80157675   -769.03299    2578.9847 
10572000    293.41359    109479.87    84.692209   0.80159622   -793.80568    2485.1079 
10573000    294.86418    109477.21   -533.78536    0.8016157   -810.22364    2484.9003 
10574000    290.43476    109474.55    162.77774   0.80163518   -719.98749    2525.6375 
10575000    296.21331    109471.89   -143.54028   0.80165466   -777.95998    2532.2406 
10576000    283.87734    109469.23   -917.70068   0.80167414   -804.13068    2368.2147 
10577000    291.49072    109466.57    594.79276   0.80169362   -800.78125    2456.6441 
10578000    287.27749    109463.91    194.89951    0.8017131   -821.48542    2388.8568 
10579000    286.56794    109461.25    749.14085   0.80173258   -732.43642    2469.9766 
10580000    291.89958    109458.59    46.495135   0.80175206    -933.6131    2328.3813 
10581000    296.70711    109455.93     11.65954   0.80177154   -863.92352    2451.7953 
10582000    297.31559    109453.27   -42.368021   0.80179103   -780.81228    2541.7064 
10583000    289.79675    109450.61   -235.55465   0.80181051   -752.22777    2486.2674 
10584000    295.86172    109447.95     302.9444   0.80182999   -779.20341    2527.0681 
10585000    291.67404    109445.29   -589.22629   0.80184948    -749.0014    2510.4726 
10586000    297.58902    109442.63   -409.99058   0.80186896   -770.34468    2555.2295 
10587000    295.05724    109439.97   -502.08067   0.80188845   -790.94617    2506.3352 
10588000    286.52679    109437.32   -417.82517   0.80190794    -754.3834    2447.5698 
10589000    294.64607    109434.66    506.55571   0.80192742   -806.31906    2486.3675 
10590000    288.68539       109432    -988.7448   0.80194691   -780.00534    2446.0703 
10591000     296.1075    109429.34    226.31438    0.8019664   -731.43378    2577.5844 
10592000    291.91715    109426.68   -430.08095   0.80198589   -817.43997    2444.7508 
10593000    292.30668    109424.02     435.3011   0.80200538   -754.46882     2512.075 
10594000    292.63061    109421.36    619.73287   0.80202487   -754.25321    2515.9105 
10595000    288.63414     109418.7   -174.72005   0.80204436   -768.27358    2457.2294 
10596000    291.29553    109416.04    359.30048   0.80206386   -750.70397    2504.5401 
10597000    297.68869    109413.38   -20.185906   0.80208335   -741.05188    2585.6361 
10598000    299.44833    109410.72    14.241423   0.80210284    -814.5294    2531.8227 
10599000    295.56495    109408.06   -62.514701   0.80212234   -746.49768    2556.4574 
10600000    294.40846     109405.4    -696.3008   0.80214183   -817.62598    2472.4054 
10601000    289.67297    109402.75    11.943768   0.80216132   -827.10426    2410.0077 
10602000    295.60843    109400.09   -1113.2079   0.80218082   -847.56868    2455.8723 
10603000    296.62496    109397.43   -373.71961   0.80220032   -826.78405    2488.0167 
10604000    299.47585    109394.77    253.42388   0.80221981   -823.74647    2522.9132 
10605000    294.75004    109392.11    -512.3435   0.80223931   -718.61142    2575.2371 
10606000    287.20664    109389.45   -653.61852   0.80225881   -759.74158    2449.8089 
10607000    297.71714    109386.79   -621.17829   0.80227831   -711.42196     2615.584 
10608000     293.0877    109384.13   -478.43492   0.80229781   -782.67775     2492.594 
10609000    294.52831    109381.48   -65.774465   0.80231731   -784.38992    2506.9807 
10610000    293.20616    109378.82   -514.55482   0.80233681   -781.87166    2494.7238 
10611000    295.02414    109376.16    454.58911   0.80235631   -824.25572    2472.6558 
10612000     290.4136     109373.5    605.46284   0.80237581   -806.94144     2438.447 
10613000    292.19528    109370.84   -279.25071   0.80239532   -697.77976    2567.5191 
10614000    282.26951    109368.18   -376.01634   0.80241482   -780.80757    2373.5702 
10615000    300.85882    109365.53    71.299048   0.80243432   -791.71919    2570.3953 
10616000      292.727    109362.87   -1031.8422   0.80245383   -826.68897    2444.5519 
10617000    294.25115    109360.21   -851.81206   0.80247333   -834.67959    2453.5938 
10618000    297.71086    109357.55    210.68975   0.80249284   -763.67363    2563.2622 
10619000    287.14444    109354.89    13.064078   0.80251235   -697.76759    2511.0879 
10620000    297.55002    109352.23   -46.351976   0.80253185   -917.32645    2407.8119 
10621000    290.12373    109349.58    -241.7912   0.80255136   -828.50439    2413.6448 
10622000    287.00444    109346.92    -815.7192   0.80257087   -790.97689    2416.3141 
10623000    300.79999    109344.26   -504.21322   0.80259038   -814.80321    2546.6538 
10624000    281.67055     109341.6   -1006.8766   0.80260989   -814.85211    2332.8323 
10625000    293.92766    109338.95    291.51558    0.8026294   -751.03893    2533.6194 
10626000    292.09414    109336.29   -1305.4744   0.80264891   -783.29262    2480.8761 
10627000    284.81425    109333.63   -114.57817   0.80266842   -702.42094    2480.3945 
10628000    294.67687    109330.97    306.29817   0.80268793   -848.91834    2444.1124 
10629000      289.615    109328.31   -312.06504   0.80270745   -773.26714    2463.1969 
10630000    282.67119    109325.66   -126.80887   0.80272696   -759.69983    2399.1667 
10631000    290.31704       109323   -5.7778746   0.80274647   -834.53135     2409.778 
10632000    288.17876    109320.34   -529.28352   0.80276599   -732.41725    2487.9967 
10633000     293.5531    109317.68   -401.24465    0.8027855    -792.7746    2487.6979 
10634000    296.17674    109315.03   -126.05458   0.80280502   -821.80839    2487.9835 
10635000    293.63405    109312.37    -376.9977   0.80282454   -793.14763    2488.2296 
10636000    286.51439    109309.71    -404.8502   0.80284405   -834.92077    2366.8938 
10637000    292.60738    109307.05    136.29701   0.80286357   -747.64786    2522.2563 
10638000     292.5687     109304.4     131.4102   0.80288309   -718.73252    2550.7393 
10639000    294.59004    109301.74   -353.39139   0.80290261   -766.78959    2525.2709 
10640000    292.05003    109299.08   -80.838947   0.80292213   -747.63908    2516.0366 
10641000    294.87985    109296.43    286.91347   0.80294165   -785.21843    2510.0807 
10642000    285.82436    109293.77   -185.28975   0.80296117   -760.00759    2434.0959 
10643000    295.67685    109291.11   -467.29961   0.80298069   -762.45962     2541.746 
10644000    289.81094    109288.45    -337.4344   0.80300021   -765.63001    2473.0237 
10645000    300.32559     109285.8    810.86433   0.80301974   -774.44219    2581.7133 
10646000    301.31304    109283.14   -874.65961   0.80303926   -708.22029    2658.9701 
10647000    291.97478    109280.48    43.160627   0.80305878   -770.93923    2491.8955 
10648000     291.3845    109277.83   -4.3975814   0.80307831   -757.46164    2498.7767 
10649000    291.43224    109275.17   -500.52315   0.80309783   -870.39092    2386.3809 
10650000    292.28819    109272.51   -387.93669   0.80311736   -780.55167    2485.7854 
10651000    286.78472    109269.86   -838.00998   0.80313689   -768.22891    2436.6066 
10652000    290.05929     109267.2    93.277424   0.80315642   -769.72134    2471.7077 
10653000    289.90443    109264.54    17.931061   0.80317594   -719.12581    2520.5726 
10654000    292.48616    109261.89    -1255.532   0.80319547   -873.86751     2394.682 
10655000    302.28465    109259.23   -355.84333     0.803215   -730.83919     2647.209 
10656000    293.62069    109256.57   -571.24991   0.80323453   -716.22212    2565.0058 
10657000    286.86648    109253.92    -452.0091   0.80325406   -826.10959    2379.6397 
10658000    290.39305    109251.26    896.77793   0.80327359   -779.20426    2465.9546 
10659000    302.38173     109248.6   -189.58959   0.80329312   -791.55188    2587.5812 
10660000    291.94828    109245.95    45.486458   0.80331266   -745.02184    2517.5168 
10661000    295.03396    109243.29   -226.99685   0.80333219   -772.27218    2524.7492 
10662000    298.30591    109240.63    112.48775   0.80335172   -802.74638    2530.8391 
10663000     298.6566    109237.98   -324.39764   0.80337126   -799.87557    2537.6289 
10664000    291.90827    109235.32   -183.24985   0.80339079   -811.16252     2450.929 
10665000    294.62584    109232.67   -591.65336   0.80341033   -743.81054      2548.65 
10666000    290.71779    109230.01    92.658199   0.80342987   -771.77475    2477.0131 
10667000    291.26516    109227.35     855.6897    0.8034494    -778.1929    2476.7118 
10668000    288.51136     109224.7   -413.11051   0.80346894   -655.24525    2568.8857 
10669000    287.07736    109222.04   -479.29826   0.80348848   -752.90985    2455.1959 
10670000    286.88979    109219.39   -492.86794   0.80350802   -760.61172     2445.398 
10671000    291.62327    109216.73   -255.45841   0.80352756   -809.80187    2449.1048 
10672000    293.86247    109214.07   -538.59371    0.8035471    -796.3859     2487.544 
10673000    295.89679    109211.42   -918.54449   0.80356664   -784.00934    2522.6541 
10674000    289.71533    109208.76    177.88491   0.80358618   -709.89162    2527.6936 
10675000    288.60539    109206.11   -228.98881   0.80360572   -855.80999    2369.3717 
10676000    293.49992    109203.45   -392.25202   0.80362526   -796.06983    2483.8085 
10677000    294.53848     109200.8    289.66228   0.80364481   -730.01866    2561.4656 
10678000    293.56287    109198.14  0.046002343   0.80366435   -734.09788    2546.4839 
10679000    291.93268    109195.48    277.12256   0.80368389   -786.81057    2475.5537 
10680000    292.53023    109192.83   -175.59738   0.80370344   -804.43475    2464.6072 
10681000    289.23912    109190.17    167.95831   0.80372298   -766.32771     2465.936 
10682000    299.13383    109187.52   -282.67177   0.80374253   -817.33831    2525.4993 
10683000    295.20295    109184.86   -583.99522   0.80376208   -686.68571     2612.224 
10684000    297.24377    109182.21   -31.055089   0.80378163    -806.9399    2514.7761 
10685000    296.41636    109179.55   -267.54347   0.80380117   -748.09025    2564.3795 
10686000    296.64824     109176.9    437.67938   0.80382072   -789.67862    2525.3824 
10687000    288.75196    109174.24    45.543982   0.80384027   -863.09445    2363.7251 
10688000    295.23434    109171.59   -257.92037   0.80385982   -789.71204    2509.5484 
10689000    292.04409    109168.93   -1218.6529   0.80387937   -750.74187    2512.8675 
10690000    298.24558    109166.28   -210.78195   0.80389893   -752.44407    2580.4672 
10691000    297.24934    109163.62   -23.537124   0.80391848   -735.41245    2586.3658 
10692000    294.99637    109160.97   -469.17162   0.80393803   -802.46909    2494.1321 
10693000    295.54056    109158.31    123.17465   0.80395758   -791.55608    2511.1265 
10694000    288.48285    109155.66   -281.80861   0.80397714   -776.11779    2447.6945 
10695000    299.20228       109153     104.5267   0.80399669   -828.86588    2514.7366 
10696000    294.39773    109150.35   -1148.7843   0.80401625   -771.74742     2518.164 
10697000    289.63896    109147.69   -992.25657    0.8040358   -772.39617    2464.3357 
10698000    293.23456    109145.04   -304.49563   0.80405536   -736.71598     2540.197 
10699000    296.66729    109142.38   -396.29001   0.80407492   -771.79171    2543.4821 
10700000    294.58874    109139.73   -1698.5622   0.80409447   -767.47295     2524.573 
10701000    290.19899    109137.07   -986.42063   0.80411403   -746.76717    2496.2231 
10702000    292.24889    109134.42   -211.81693   0.80413359   -690.94181    2574.9562 
10703000    289.30917    109131.76   -494.36884   0.80415315   -831.41006    2401.6364 
10704000     293.0069    109129.11    416.98836   0.80417271   -821.67239    2452.6964 
10705000    299.44135    109126.45     -421.437   0.80419227   -758.80979    2587.4643 
10706000    288.09307     109123.8   -472.36339   0.80421183   -865.24765    2354.2088 
10707000    295.49395    109121.15   -115.71644    0.8042314   -743.76668     2558.395 
10708000    287.74047    109118.49     235.6379   0.80425096   -835.31628    2380.1999 
10709000    290.01547    109115.84    363.66174   0.80427052   -720.56959    2520.3698 
10710000    297.28182    109113.18    400.01654   0.80429009   -797.44497    2524.6962 
10711000    293.00036    109110.53   -992.35128   0.80430965   -835.15052    2439.1452 
10712000    291.53082    109107.87   -235.68202   0.80432922   -836.41809    2421.4554 
10713000    292.71546    109105.22   -792.33803   0.80434878   -858.18941    2412.9225 
10714000    296.31106    109102.57   -148.41677   0.80436835   -816.63859    2494.6544 
10715000    287.98348    109099.91   -932.57065   0.80438792   -784.22148    2434.0103 
10716000    289.56777    109097.26   -146.45147   0.80440749   -867.49979    2368.4366 
10717000    294.49591     109094.6   -758.22203   0.80442705   -807.04581    2483.9628 
10718000    299.18276    109091.95    261.64587   0.80444662   -828.83784    2514.5465 
10719000    291.79196     109089.3   -401.81342   0.80446619   -832.80389    2427.9878 
10720000    289.13806    109086.64    503.58735   0.80448576   -731.18568    2499.9485 
10721000     298.3012    109083.99   -78.119734   0.80450534   -870.45994     2463.073 
10722000    296.51919    109081.34   -315.03409   0.80452491   -816.09625    2497.5225 
10723000    294.18712    109078.68    211.82795   0.80454448   -809.11532    2478.4425 
10724000     294.0714    109076.03   -17.590268   0.80456405   -848.92112    2437.3434 
10725000    295.70486    109073.38   -665.58663   0.80458363   -818.54511    2485.9735 
10726000    290.89406    109070.72   -350.10487    0.8046032   -837.88037    2412.8773 
10727000    285.69126    109068.07    137.38055   0.80462278   -782.07959    2410.5365 
10728000    289.77524    109065.41   -195.70347   0.80464235   -866.36695    2371.8879 
10729000    295.35044    109062.76   -92.531659   0.80466193   -794.65859    2505.8994 
10730000    294.62877    109060.11   -760.59126    0.8046815   -800.08594    2492.4074 
10731000    287.94051    109057.45   -575.14024   0.80470108   -787.11646    2430.6351 
10732000    293.52886     109054.8    -109.0748   0.80472066   -755.88436    2524.3173 
10733000    292.76184    109052.15   -161.39676   0.80474024    -826.1017    2445.5286 
10734000    291.36454    109049.49    14.458211   0.80475982   -775.77429     2480.241 
10735000    293.62392    109046.84   -401.74587    0.8047794   -754.90515    2526.3589 
10736000    294.78622    109044.19   -485.24785   0.80479898    -792.7036    2501.5492 
10737000    300.49647    109041.54   -227.91111   0.80481856   -751.96089    2606.1043 
10738000    294.71111    109038.88   -790.83493   0.80483814   -766.95118    2526.4622 
10739000    297.78216    109036.23    268.81972   0.80485772   -812.03285    2515.6997 
10740000    297.76784    109033.58   -110.97423   0.80487731   -782.84052    2544.7321 
10741000    299.10788    109030.92    -741.6725   0.80489689   -805.33042    2537.2172 
10742000    291.97217    109028.27   -225.35101   0.80491648   -790.80084    2472.0047 
10743000    297.88087    109025.62    69.715083   0.80493606   -818.75718    2510.0785 
10744000    287.08568    109022.97   -410.10661   0.80495565   -759.43898    2448.7598 
10745000      294.701    109020.31    -171.7059   0.80497523   -789.59296    2503.7075 
10746000    292.06948    109017.66   -73.004298   0.80499482   -813.78298    2450.1101 
10747000    293.76067    109015.01    206.10154   0.80501441   -769.96881    2512.8234 
10748000    296.91004    109012.35   -159.48585     0.805034   -815.82887    2502.1577 
10749000    290.96552     109009.7    -587.0325   0.80505358   -799.89162    2451.6647 
10750000    286.59926    109007.05     -946.432   0.80507317   -763.37996    2439.3831 
10751000    290.12516     109004.4     399.8069   0.80509276   -871.26202    2370.9032 
10752000    287.56534    109001.75   -357.94285   0.80511236   -795.23917    2418.3198 
10753000    289.02827    108999.09    272.00357   0.80513195   -770.20835     2459.699 
10754000    293.65946    108996.44    408.28011   0.80515154   -729.14198    2552.5192 
10755000     290.2172    108993.79   -287.90234   0.80517113   -744.14733    2499.0463 
10756000    288.35498    108991.14    537.68008   0.80519072   -778.86037    2443.5229 
10757000    292.81897    108988.48   -749.48387   0.80521032    -799.7785    2472.4901 
10758000    296.93265    108985.83   -415.15889   0.80522991   -805.08443    2513.1548 
10759000    295.85026    108983.18    465.63935   0.80524951   -876.61927    2429.5242 
10760000    295.42338    108980.53    459.20558    0.8052691   -832.46711    2468.9059 
10761000    292.80947    108977.88   -229.96551    0.8052887   -854.78893    2417.3736 
10762000    289.52361    108975.22     184.0961    0.8053083   -765.58957    2469.8532 
10763000    292.23585    108972.57    232.26565    0.8053279   -800.20215    2465.5501 
10764000    290.30131    108969.92   -671.22174   0.80534749   -800.86842    2443.2653 
10765000    291.86627    108967.27   -284.15562   0.80536709   -760.06672    2501.5555 
10766000    294.05688    108964.62   -500.87784   0.80538669   -869.20276    2416.8996 
10767000    290.39938    108961.96   -17.966011   0.80540629   -900.16748    2345.0621 
10768000    296.75729    108959.31   -231.85417   0.80542589   -781.31642    2534.9632 
10769000    293.40039    108956.66   -224.54641    0.8054455   -789.88879    2488.8773 
10770000     289.4029    108954.01    494.67826    0.8054651   -839.01546    2395.0784 
10771000    299.02568    108951.36   -175.76376    0.8054847   -783.40454    2558.2244 
10772000     289.4892    108948.71   -782.34515   0.80550431   -750.19731     2484.861 
10773000    293.15838    108946.05   -214.48256   0.80552391   -741.72782    2534.3337 
10774000     291.7124     108943.4   -196.52574   0.80554351   -900.73553    2359.1671 
10775000    295.27974    108940.75    744.09634   0.80556312   -817.75227    2482.0157 
10776000    293.33843     108938.1    55.599262   0.80558273   -847.52941    2430.5443 
10777000    290.15133    108935.45   -246.43468   0.80560233   -748.08401    2494.3736 
10778000    279.02625     108932.8   -887.17928   0.80562194   -762.41535    2355.7189 
10779000     299.3611    108930.15   -74.453282   0.80564155   -794.51898    2550.8584 
10780000    300.04884     108927.5    517.48522   0.80566116   -755.05907    2598.0037 
10781000    294.28553    108924.84   -266.00535   0.80568077   -823.18098    2465.4766 
10782000    298.87048    108922.19    139.22817   0.80570038   -847.11676    2492.7778 
10783000    289.82643    108919.54   -402.88626   0.80571999   -839.55666    2399.2702 
10784000    295.93202    108916.89    -553.8801    0.8057396   -753.42824    2553.6289 
10785000     292.3268    108914.24    37.678642   0.80575921   -718.41402    2548.3546 
10786000    298.14905    108911.59   -455.52711   0.80577882   -773.90171    2557.9309 
10787000    292.29809    108908.94   -117.47421   0.80579843   -828.60871     2437.839 
10788000    290.03813    108906.29    -671.9955   0.80581805   -782.98407    2458.2085 
10789000     287.9508    108903.64   -574.22151   0.80583766   -827.45699    2390.4096 
10790000    290.40478    108900.99     275.3187   0.80585728    -787.4507    2457.8392 
10791000    285.52205    108898.33   -559.83818   0.80587689   -768.60642    2422.1187 
10792000    300.87216    108895.68    436.32347   0.80589651   -808.90839    2553.3551 
10793000    290.67756    108893.03    191.73199   0.80591613   -775.79724    2472.5411 
10794000    287.39547    108890.38   -43.969717   0.80593574   -869.57829    2342.0824 
10795000    297.00604    108887.73   -110.97517   0.80595536   -770.00884    2549.0506 
10796000    290.23756    108885.08   -559.75816   0.80597498   -771.26545    2472.1558 
10797000    292.08443    108882.43    248.36525    0.8059946   -822.55738    2441.5027 
10798000    297.78004    108879.78    685.83271   0.80601422   -755.83366    2571.8752 
10799000    291.30057    108877.13    325.27144   0.80603384   -768.31992    2486.9805 
10800000    298.07628    108874.48   -329.21102   0.80605346   -798.89918    2532.1202 
10801000    293.22413    108871.83   -893.82148   0.80607308   -816.91949    2459.8768 
10802000    290.72081    108869.18   -163.45672   0.80609271   -759.36237    2489.4592 
10803000     292.7881    108866.53   -257.88671   0.80611233   -760.50788    2511.4158 
10804000    292.52149    108863.88   -371.79077   0.80613195   -747.76785    2521.1765 
10805000       297.91    108861.23    338.06678   0.80615158   -761.87389    2567.2873 
10806000     292.3567    108858.58   -550.03209    0.8061712   -843.02961    2424.0732 
10807000     289.7039    108855.93     261.7602   0.80619083   -724.59414    2512.8634 
10808000    296.77026    108853.28   -763.84436   0.80621046   -809.91323    2506.5113 
10809000    294.45204    108850.63    105.12544   0.80623008   -766.50977    2524.0086 
10810000     289.8064    108847.98     62.81431   0.80624971   -804.09723    2434.5057 
10811000    290.69886    108845.33    653.15387   0.80626934   -787.03538    2461.5409 
10812000    297.29955    108842.68    254.27873   0.80628897   -744.18954    2578.1499 
10813000    289.21316    108840.03   -604.95118    0.8063086    -848.2968    2383.6767 
10814000    291.18658    108837.38    294.76444   0.80632823   -832.27556     2421.751 
10815000    293.74673    108834.73   -211.17049   0.80634786   -802.85567    2479.7808 
10816000    291.90566    108832.08   -464.05256   0.80636749   -806.56828    2455.4941 
10817000    290.21511    108829.43   -57.101734   0.80638712   -769.01386    2474.1565 
10818000    295.41914    108826.78    183.97066   0.80640676   -888.83072     2412.495 
10819000    292.55261    108824.13   -302.26399   0.80642639   -796.87183    2472.4203 
10820000    285.31502    108821.48    -280.6629   0.80644602   -764.81803    2423.5936 
10821000    286.22787    108818.83   -91.532199   0.80646566   -806.30446    2392.3083 
10822000    283.49963    108816.18   -288.02476   0.80648529   -869.63827    2298.4862 
10823000    295.15063    108813.53    -782.5942   0.80650493    -791.7652    2506.5599 
10824000    289.26152    108810.88     964.2686   0.80652457   -839.61311    2392.9008 
10825000    293.25261    108808.24   -315.77696    0.8065442   -783.04001    2494.0746 
10826000    296.27928    108805.59    700.56939   0.80656384   -829.21645    2481.7214 
10827000    299.02312    108802.94    172.52739   0.80658348   -842.24567    2499.3546 
10828000     299.0371    108800.29   -139.07543   0.80660312   -794.90751    2546.8491 
10829000     294.7412    108797.64   -224.29704   0.80662276   -818.74332    2475.0064 
10830000    296.22446    108794.99    48.745104    0.8066424   -788.03204    2522.2931 
10831000    286.32787    108792.34   -57.534524   0.80666204   -819.26032    2380.4699 
10832000    289.69662    108789.69    378.13055   0.80668168   -851.56865    2385.8076 
10833000    294.84889    108787.04   -323.89434   0.80670133   -781.04845    2513.9047 
10834000    291.40583    108784.39   -544.49078   0.80672097   -963.50138    2292.9753 
10835000    295.43884    108781.75   -319.32546   0.80674061   -836.41817    2465.1277 
10836000    298.76534     108779.1   -788.16086   0.80676026   -892.96904    2445.7506 
10837000    293.53376    108776.45   -163.05925    0.8067799   -853.91661    2426.3399 
10838000    292.52984     108773.8    345.97248   0.80679955   -864.71299    2404.3246 
10839000    299.51184    108771.15    317.96229   0.80681919   -874.34351    2472.7183 
10840000    285.61937     108768.5    -845.1518   0.80683884   -817.59816    2374.2145 
10841000    287.95874    108765.85    -661.5869   0.80685849    -846.6343     2371.321 
10842000    300.49313     108763.2   -214.13637   0.80687814   -900.21767    2457.8102 
10843000    289.77457    108760.56    131.51072   0.80689778   -850.66915    2387.5781 
10844000    287.51523    108757.91    -644.8388   0.80691743   -835.23887    2377.7602 
10845000    293.27879    108755.26   -948.55886   0.80693708   -842.97405    2434.4331 
10846000    297.67717    108752.61   -353.01993   0.80695673   -888.82807    2437.7312 
10847000    293.34554    108749.96    408.40147   0.80697639   -893.88373    2384.2694 
10848000    295.33851    108747.31   -116.73028   0.80699604   -778.24041    2522.1843 
10849000    291.39726    108744.67   -257.32224   0.80701569   -761.78032    2494.6007 
10850000    291.60797    108742.02   -561.93358   0.80703534   -826.57365     2432.162 
10851000    295.94478    108739.37   -42.343428     0.807055   -860.79568    2446.4041 
10852000    295.74598    108736.72    374.70068   0.80707465    -868.9687    2436.0094 
10853000    295.22482    108734.07   -385.08483   0.80709431   -777.03374    2522.1205 
10854000    289.84699    108731.43   -353.03586   0.80711396   -805.43441    2433.6221 
10855000    287.10333    108728.78    979.93192   0.80713362   -828.57617    2379.8199 
10856000    289.52732    108726.13   -357.04994   0.80715328   -826.10617    2409.3781 
10857000    294.57551    108723.48    -139.4041   0.80717293    -787.8842    2504.0138 
10858000    297.59035    108720.83    -137.0031   0.80719259   -791.26962    2534.3195 
10859000    289.86794    108718.19   -502.80803   0.80721225   -816.88345    2422.4073 
10860000     291.4119    108715.54   -639.52953   0.80723191   -819.57564    2436.9689 
10861000    293.26351    108712.89   -260.35092   0.80725157   -736.92601    2540.3104 
10862000    293.12248    108710.24   -325.86796   0.80727123   -786.76596    2488.8944 
10863000    288.52226     108707.6   -485.35532   0.80729089   -843.36383    2380.8889 
10864000    296.75378    108704.95    21.828906   0.80731056   -884.23921    2432.0012 
10865000    295.78438     108702.3    150.11902   0.80733022   -793.45363    2511.9536 
10866000    290.21222    108699.65   -890.14371   0.80734988   -841.01661    2402.1215 
10867000     297.8296    108697.01    81.959965   0.80736955   -872.23645    2456.0263 
10868000    294.19648    108694.36    184.90889   0.80738921   -879.63402    2408.0284 
10869000    297.33703    108691.71    55.838013   0.80740888   -784.47306    2538.2852 
10870000    295.44613    108689.06   -491.45197   0.80742854   -881.19799    2420.4293 
10871000    293.26645    108686.42     24.16293   0.80744821   -897.26696    2380.0023 
10872000    301.51443    108683.77   -908.41128   0.80746788   -843.27335    2526.1676 
10873000    298.44587    108681.12   -763.42547   0.80748754   -864.44641    2470.7031 
10874000    291.33235    108678.47    634.75942   0.80750721   -849.08467    2406.5709 
10875000    291.67509    108675.83    380.75968   0.80752688   -889.78478    2369.7009 
10876000    290.12784    108673.18    918.17227   0.80754655   -823.40505    2418.7901 
10877000    295.60752    108670.53   -697.92026   0.80756622   -901.90619    2401.5247 
10878000    287.88414    108667.89   -489.26271   0.80758589   -778.33784    2438.7838 
10879000    285.91303    108665.24   -478.41284   0.80760556   -804.46001    2390.6343 
10880000     290.2678    108662.59   -404.02204   0.80762524   -870.14121     2373.618 
10881000    290.01995    108659.95    397.27777   0.80764491   -887.78661    2353.2028 
10882000    293.16693     108657.3   -145.06258   0.80766458   -796.27987    2479.8772 
10883000    293.65835    108654.65   -169.85575   0.80768426   -806.28207    2475.3667 
10884000    302.67267       108652    745.58459   0.80770393   -860.26769    2522.1166 
10885000    295.09632    108649.36   0.96687087   0.80772361   -939.14491    2358.5733 
10886000    295.98953    108646.71    316.28157   0.80774329   -853.40127    2454.2985 
10887000    288.74672    108644.06   -546.67126   0.80776296   -802.50767    2424.2533 
10888000    291.90317    108641.42   -261.45146   0.80778264   -841.17028    2420.8642 
10889000     295.7805    108638.77   -613.03181   0.80780232   -854.40767    2450.9562 
10890000    292.76356    108636.13    17.968948     0.807822    -772.0031    2499.6463 
10891000    289.32388    108633.48   -332.01221   0.80784168   -800.76976     2432.441 
10892000    292.81744    108630.83    500.19313   0.80786136   -885.87956     2386.372 
10893000    288.41397    108628.19   -508.81706   0.80788104   -770.68291    2452.3597 
10894000    296.37634    108625.54   -560.17034   0.80790072   -897.34388    2414.6786 
10895000    292.28285    108622.89   -206.74367    0.8079204   -811.82483    2454.4526 
10896000    302.33378    108620.25     1028.089   0.80794008   -836.02624     2542.571 
10897000    299.28735     108617.6    -114.6765   0.80795977   -788.09044    2556.4627 
10898000    285.06022    108614.96    611.74943   0.80797945   -797.72797    2387.8362 
10899000    296.45274    108612.31    25.484761   0.80799913   -893.58631    2419.2899 
10900000    294.06247    108609.66   -179.24944   0.80801882    -791.0058    2495.1591 
10901000    296.48201    108607.02     152.0103   0.80803851   -859.68776    2453.5155 
10902000    299.02966    108604.37   -446.63436   0.80805819   -799.85197    2541.8215 
10903000    295.29503    108601.73    155.43281   0.80807788   -808.40996    2491.5288 
10904000    291.00646    108599.08    99.962237   0.80809757   -843.95628    2408.0575 
10905000    293.00564    108596.43   -39.235096   0.80811725   -847.02606    2427.3287 
10906000    291.08281    108593.79    196.65412   0.80813694   -829.77236    2423.0946 
10907000    291.66152    108591.14   -154.34208   0.80815663   -777.85773    2481.4763 
10908000    292.74931     108588.5   -162.54213   0.80817632   -816.89705    2454.5932 
10909000    288.95445    108585.85    163.15631   0.80819601   -825.61974    2403.4627 
10910000     294.7235     108583.2    43.167253   0.80821571   -810.81344    2482.7384 
10911000    288.26882    108580.56    111.40505    0.8082354   -829.22479    2392.1957 
10912000    296.94629    108577.91    330.39616   0.80825509   -836.60726    2481.7844 
10913000    299.39929    108575.27   -247.16849   0.80827478   -798.64573    2547.1584 
10914000    286.78212    108572.62   -223.59615   0.80829448   -872.33467    2332.4719 
10915000    295.57173    108569.98   -256.94073   0.80831417   -759.17855    2543.8523 
10916000    284.57682    108567.33   -698.29986   0.80833387   -830.35587    2349.8063 
10917000    287.61868    108564.69    1157.2722   0.80835357   -860.98324    2353.1719 
10918000    293.04838    108562.04       511.23   0.80837326    -898.2016    2376.6307 
10919000    289.81296     108559.4   -72.593254   0.80839296   -982.34546    2256.3309 
10920000    294.87551    108556.75    116.84125   0.80841266   -814.74667     2480.504 
10921000    297.88162    108554.11   -871.51991   0.80843236   -858.54683    2470.2972 
10922000    292.52612    108551.46   -353.23187   0.80845206   -863.09263    2405.9034 
10923000    293.28322    108548.82    357.57062   0.80847176   -863.56201    2413.8946 
10924000    292.58099    108546.17   -901.53021   0.80849146   -910.73133    2358.8779 
10925000    290.78919    108543.53   -262.72476   0.80851116   -843.38301    2406.2027 
10926000    289.89057    108540.88   -319.09722   0.80853086   -813.92468     2425.619 
10927000    291.57584    108538.24   -175.20765   0.80855056   -838.29887    2420.0778 
10928000    295.78874    108535.59   -386.25377   0.80857026   -831.13553    2474.3205 
10929000    291.53505    108532.95   -744.11343   0.80858997    -869.6489    2388.2718 
10930000    301.97482     108530.3   -964.31644   0.80860967    -875.6734    2498.9124 
10931000    286.39086    108527.66    182.63617   0.80862938   -783.65229    2416.7818 
10932000     295.7513    108525.01    270.30938   0.80864908   -778.08958     2526.948 
10933000    292.10494    108522.37   -61.304679   0.80866879   -796.36621    2467.9231 
10934000    295.06989    108519.72   -881.19852    0.8086885   -767.27485     2530.148 
10935000    292.34614    108517.08     159.5705    0.8087082   -876.56275     2390.422 
10936000    290.81395    108514.43   -966.23935   0.80872791   -823.12358    2426.7389 
10937000    289.63007    108511.79   -508.70023   0.80874762   -843.60669    2393.0258 
10938000     297.8467    108509.15   -158.91396   0.80876733   -796.71599    2531.7378 
10939000    290.33154     108506.5    74.648485   0.80878704   -843.76513    2400.7064 
10940000     294.0502    108503.86     542.0086   0.80880675   -831.16612    2454.8616 
10941000    295.69937    108501.21      503.129   0.80882646   -772.96525     2531.492 
10942000    289.68688    108498.57    993.53755   0.80884617    -778.0878    2459.1796 
10943000    289.09972    108495.92   -110.23898   0.80886589   -861.97015    2368.7356 
10944000    294.23623    108493.28   -516.98213    0.8088856   -807.93325    2480.1733 
10945000    288.96522    108490.64    -226.6187   0.80890531   -809.08486    2420.1179 
10946000     295.8883    108487.99   -49.026753   0.80892503   -922.85209    2383.7165 
10947000    296.50984    108485.35   -31.851593   0.80894474   -774.83759    2538.6767 
10948000     295.0158     108482.7   -151.12071   0.80896446   -886.56523    2410.2531 
10949000    290.94586    108480.06    -487.7511   0.80898418   -792.95509    2458.3814 
10950000    294.45376    108477.42    143.80039   0.80900389   -868.16457    2422.3729 
10951000    289.72733    108474.77   -390.42256   0.80902361   -860.73292    2376.9865 
10952000     290.2581    108472.13    -477.1485   0.80904333   -819.61009    2424.0407 
10953000    284.42233    108469.48    13.827936   0.80906305   -866.58287    2311.8529 
10954000    294.51618    108466.84   -612.49514   0.80908277   -777.89335    2513.3417 
10955000    290.74679     108464.2   -426.10451   0.80910249   -844.31635    2404.7955 
10956000    298.85984    108461.55    683.48551   0.80912221    -883.8156    2455.9602 
10957000    295.44683    108458.91    327.84613   0.80914193   -829.69695    2471.9382 
10958000    291.36269    108456.27   -93.978365   0.80916165   -827.62645    2428.3681 
10959000    294.97813    108453.62    21.390509   0.80918138   -837.42707    2458.9703 
10960000    296.97312    108450.98    191.82364    0.8092011   -845.32363    2473.3679 
10961000     295.4438    108448.34   -8.2199103   0.80922083   -720.29091    2581.3104 
10962000    292.62019    108445.69    538.42235   0.80924055   -723.92343    2546.1239 
10963000    297.24471    108443.05    410.75558   0.80926028   -826.21392    2495.5126 
10964000    295.36857    108440.41   -360.52108      0.80928   -806.97451    2493.7861 
10965000    290.91178    108437.76   -867.88949   0.80929973   -803.05458    2447.9011 
10966000    290.59288    108435.12   -1161.8623   0.80931946   -927.13223    2320.2598 
10967000    290.22838    108432.48   -71.061898   0.80933918   -834.77713    2408.5416 
10968000    291.30161    108429.83   -448.52446   0.80935891   -881.00029    2374.3118 
10969000    291.07022    108427.19   -273.79509   0.80937864   -843.60597    2409.1203 
10970000    295.46138    108424.55   -33.050763   0.80939837   -894.44143    2407.3563 
10971000    292.47324     108421.9    40.882731    0.8094181   -798.68332    2469.7218 
10972000    302.03315    108419.26   -61.536382   0.80943783    -830.5873    2544.6504 
10973000    292.19491    108416.62    226.32533   0.80945757   -794.34105    2470.9537 
10974000    297.53339    108413.98   -53.575273    0.8094773   -847.82393    2477.1286 
10975000    288.38309    108411.33    165.08047   0.80949703   -815.99995    2406.6975 
10976000      294.577    108408.69    683.26075   0.80951677   -881.62237    2410.2924 
10977000    287.70621    108406.05    454.14687    0.8095365   -890.27636    2324.8569 
10978000    288.37399     108403.4   -441.29417   0.80955624   -921.99687    2300.5988 
10979000    296.87951    108400.76    193.05567   0.80957597   -868.30821    2449.3372 
10980000    292.27555    108398.12    -365.8763   0.80959571   -872.62341    2393.5725 
10981000    294.01123    108395.48   -206.27556   0.80961544   -844.26532    2441.3269 
10982000    286.79898    108392.83    52.531062   0.80963518    -735.7217    2469.2732 
10983000    296.76142    108390.19   -165.41958   0.80965492   -788.63319    2527.6925 
10984000    296.30907    108387.55    76.483912   0.80967466   -833.90374    2477.3669 
10985000    297.53727    108384.91    250.61362    0.8096944   -803.28556    2521.7103 
10986000    283.26726    108382.26   -251.05817   0.80971414   -823.16716    2342.3606 
10987000    293.93114    108379.62   -245.73196   0.80973388   -775.59718       2509.1 
10988000    295.85113    108376.98   -23.753485   0.80975362   -868.11402    2438.0391 
10989000    292.74838    108374.34    13.117697   0.80977336   -784.75284     2486.727 
10990000    292.36206     108371.7   -563.72417   0.80979311   -780.80363    2486.3591 
10991000    292.94378    108369.05   -108.86288   0.80981285   -827.55299    2446.1104 
10992000    292.25901    108366.41   -346.64829   0.80983259   -856.80267    2409.2084 
10993000    295.43639    108363.77    276.64956   0.80985234   -890.73493    2410.7836 
10994000    299.79576    108361.13     341.1823   0.80987208   -836.56221    2513.6724 
10995000    290.74768    108358.48    -196.9315   0.80989183   -809.88398    2439.2379 
10996000    289.03721    108355.84    180.09359   0.80991158   -822.89839    2407.1089 
10997000    296.12731     108353.2    329.07293   0.80993132   -843.51407    2465.7254 
10998000    289.70804    108350.56     -273.327   0.80995107   -879.28008    2358.2238 
10999000    297.17138    108347.92   -441.13326   0.80997082   -864.73959    2456.1675 
11000000    290.65655    108345.28   -565.08603   0.80999057   -788.66843     2459.435 
